t_s,v_cmd_ms,voltage_v,encoder_v_ms,encoder_rpm,encoder_count
0.0,0.0,0.0,0.0,0.0,31038712
0.051,0.0,0.0,0.0,0.0,31038712
0.101,0.0,0.0,0.0,0.0,31038712
0.152,0.0,0.0,0.0,0.0,31038712
0.203,0.0,0.0,0.0,0.0,31038712
0.254,0.0,0.0,0.0,0.0,31038712
0.305,0.0,0.0,0.0,0.0,31038712
0.356,0.0,0.0,0.0,0.0,31038712
0.406,0.0,0.0,0.0,0.0,31038712
0.457,0.0,0.0,0.0,0.0,31038712
0.508,0.0,0.0,0.0,0.0,31038712
0.56,0.0,0.0,0.0,0.0,31038712
0.611,0.0,0.0,0.0,0.0,31038712
0.662,0.0,0.0,0.0,0.0,31038712
0.712,0.0,0.0,0.0,0.0,31038712
0.762,0.0,0.0,0.0,0.0,31038712
0.813,0.0,0.0,0.0,0.0,31038712
0.864,0.0,0.0,0.0,0.0,31038712
0.915,0.0,0.0,0.0,0.0,31038712
0.965,0.0,0.0,0.0,0.0,31038712
1.016,0.0,0.0,0.0,0.0,31038712
1.067,0.0,0.0,0.0,0.0,31038712
1.118,0.0,0.0,0.0,0.0,31038712
1.169,0.0,0.0,0.0,0.0,31038712
1.22,0.0,0.0,0.0,0.0,31038712
1.27,0.0,0.0,0.0,0.0,31038712
1.321,0.0,0.0,0.0,0.0,31038712
1.371,0.0,0.0,0.0,0.0,31038712
1.422,0.0,0.0,0.0,0.0,31038712
1.473,0.0,0.0,0.0,0.0,31038712
1.524,0.0,0.0,0.0,0.0,31038712
1.575,0.0,0.0,0.0,0.0,31038712
1.626,0.0,0.0,0.0,0.0,31038712
1.677,0.0,0.0,0.0,0.0,31038712
1.728,0.0,0.0,0.0,0.0,31038712
1.779,0.0,0.0,0.0,0.0,31038712
1.83,0.0,0.0,0.0,0.0,31038712
1.882,0.0,0.0,0.0,0.0,31038712
1.933,0.0,0.0,0.0,0.0,31038712
1.983,0.0,0.0,0.0,0.0,31038712
2.034,0.0,0.0,0.0,0.0,31038712
2.085,0.0,0.0,0.0,0.0,31038712
2.136,0.0,0.0,0.0,0.0,31038712
2.187,0.0,0.0,0.0,0.0,31038712
2.238,0.0,0.0,0.0,0.0,31038712
2.289,0.0,0.0,0.0,0.0,31038712
2.339,0.0,0.0,0.0,0.0,31038712
2.39,0.0,0.0,0.0,0.0,31038712
2.442,0.0,0.0,0.0,0.0,31038712
2.492,0.0,0.0,0.0,0.0,31038712
2.544,0.0,0.0,0.0,0.0,31038712
2.595,0.0,0.0,0.0,0.0,31038712
2.646,0.0,0.0,0.0,0.0,31038712
2.696,0.0,0.0,0.0,0.0,31038712
2.748,0.0,0.0,0.0,0.0,31038712
2.799,0.0,0.0,0.0,0.0,31038712
2.85,0.0,0.0,0.0,0.0,31038712
2.9,0.0,0.0,0.0,0.0,31038712
2.951,0.0,0.0,0.0,0.0,31038712
3.002,0.0,0.0,0.0,0.0,31038712
3.053,0.0,0.0,0.0,0.0,31038712
3.105,0.0,0.0,0.0,0.0,31038712
3.156,0.0,0.0,0.0,0.0,31038712
3.207,0.0,0.0,0.0,0.0,31038712
3.257,0.0,0.0,0.0,0.0,31038712
3.308,0.0,0.0,0.0,0.0,31038712
3.359,0.0,0.0,0.0,0.0,31038712
3.41,0.0,0.0,0.0,0.0,31038712
3.462,0.0,0.0,0.0,0.0,31038712
3.513,0.0,0.0,0.0,0.0,31038712
3.563,0.0,0.0,0.0,0.0,31038712
3.613,0.0,0.0,0.0,0.0,31038712
3.665,0.0,0.0,0.0,0.0,31038712
3.715,0.0,0.0,0.0,0.0,31038712
3.766,0.0,0.0,0.0,0.0,31038712
3.817,0.0,0.0,0.0,0.0,31038712
3.869,0.0,0.0,0.0,0.0,31038712
3.92,0.0,0.0,0.0,0.0,31038712
3.97,0.0,0.0,0.0,0.0,31038712
4.021,0.02,0.2813,0.0,0.0,31038712
4.072,0.02,0.2813,0.0,0.0,31038712
4.123,0.02,0.2813,0.0,0.0,31038712
4.173,0.02,0.2813,0.0,0.0,31038712
4.224,0.02,0.2813,0.0005,0.149,31038713
4.276,0.02,0.2813,0.0005,0.149,31038713
4.327,0.02,0.2813,0.0019,0.59,31038717
4.378,0.02,0.2813,0.0019,0.59,31038717
4.429,0.02,0.2813,0.0,0.0,31038717
4.481,0.02,0.2813,0.0,0.0,31038717
4.531,0.02,0.2813,0.0074,2.349,31038733
4.582,0.02,0.2813,0.0074,2.349,31038733
4.632,0.02,0.2813,0.0103,3.291,31038757
4.684,0.02,0.2813,0.0103,3.291,31038757
4.735,0.02,0.2813,0.0025,0.785,31038762
4.785,0.02,0.2813,0.0025,0.785,31038762
4.837,0.02,0.2813,0.0014,0.44,31038765
4.888,0.02,0.2813,0.0014,0.44,31038765
4.939,0.02,0.2813,0.0036,1.16,31038773
4.99,0.02,0.2813,0.0036,1.16,31038773
5.041,0.02,0.2813,0.018,5.731,31038812
5.092,0.02,0.2813,0.018,5.731,31038812
5.143,0.02,0.2813,0.0259,8.24,31038868
5.195,0.02,0.2813,0.0152,4.828,31038901
5.246,0.02,0.2813,0.0152,4.828,31038901
5.298,0.02,0.2813,0.0,0.0,31038901
5.349,0.02,0.2813,0.0,0.0,31038901
5.399,0.02,0.2813,-0.0014,-0.433,31038898
5.45,0.02,0.2813,-0.0014,-0.433,31038898
5.502,0.02,0.2813,0.0013,0.429,31038901
5.553,0.02,0.2813,0.0013,0.429,31038901
5.603,0.02,0.2813,0.0023,0.725,31038906
5.654,0.02,0.2813,0.0023,0.725,31038906
5.704,0.02,0.2813,-0.0009,-0.302,31038904
5.755,0.02,0.2813,-0.0009,-0.302,31038904
5.805,0.02,0.2813,0.0019,0.593,31038908
5.857,0.02,0.2813,0.0019,0.593,31038908
5.908,0.02,0.2813,0.0024,0.757,31038913
5.959,0.02,0.2813,0.0024,0.757,31038913
6.01,0.02,0.2813,0.0013,0.428,31038916
6.06,0.02,0.2813,0.0013,0.428,31038916
6.112,0.02,0.2813,0.0024,0.757,31038921
6.162,0.02,0.2813,0.0024,0.757,31038921
6.213,0.02,0.2813,0.0037,1.167,31038929
6.264,0.02,0.2813,0.0037,1.167,31038929
6.316,0.02,0.2813,0.0193,6.158,31038971
6.367,0.02,0.2813,0.0193,6.158,31038971
6.417,0.02,0.2813,0.0205,6.532,31039017
6.468,0.02,0.2813,0.0205,6.532,31039017
6.518,0.02,0.2813,0.0145,4.603,31039048
6.57,0.02,0.2813,0.0145,4.603,31039048
6.621,0.02,0.2813,-0.0009,-0.299,31039046
6.672,0.02,0.2813,-0.0009,-0.299,31039046
6.723,0.02,0.2813,-0.0026,-0.843,31039040
6.774,0.02,0.2813,-0.0026,-0.843,31039040
6.826,0.02,0.2813,0.0019,0.612,31039044
6.877,0.02,0.2813,0.0019,0.612,31039044
6.927,0.02,0.2813,0.0014,0.432,31039047
6.978,0.02,0.2813,0.0014,0.432,31039047
7.029,0.02,0.2813,-0.0009,-0.298,31039045
7.08,0.02,0.2813,-0.0009,-0.298,31039045
7.131,0.02,0.2813,-0.0004,-0.137,31039044
7.182,0.02,0.2813,-0.0004,-0.137,31039044
7.233,0.02,0.2813,0.0009,0.294,31039046
7.284,0.02,0.2813,0.0009,0.294,31039046
7.335,0.02,0.2813,0.0,0.0,31039046
7.387,0.02,0.2813,0.0,0.0,31039046
7.437,0.02,0.2813,-0.0005,-0.147,31039045
7.488,0.02,0.2813,-0.0005,-0.147,31039045
7.539,0.02,0.2813,0.0009,0.29,31039047
7.59,0.02,0.2813,0.0009,0.29,31039047
7.641,0.02,0.2813,-0.0009,-0.295,31039045
7.692,0.02,0.2813,-0.0009,-0.295,31039045
7.742,0.02,0.2813,0.0005,0.147,31039046
7.793,0.02,0.2813,0.0005,0.147,31039046
7.844,0.02,0.2813,0.0,0.0,31039046
7.895,0.02,0.2813,0.0009,0.292,31039048
7.946,0.02,0.2813,0.0009,0.292,31039048
7.997,0.02,0.2813,-0.0009,-0.289,31039046
8.048,0.04,0.3306,-0.0009,-0.289,31039046
8.099,0.04,0.3306,0.0027,0.862,31039052
8.149,0.04,0.3306,0.0027,0.862,31039052
8.2,0.04,0.3306,0.0259,8.258,31039107
8.251,0.04,0.3306,0.0259,8.258,31039107
8.302,0.04,0.3306,0.0475,15.131,31039210
8.353,0.04,0.3306,0.0475,15.131,31039210
8.404,0.04,0.3306,0.0437,13.905,31039311
8.455,0.04,0.3306,0.0437,13.905,31039311
8.507,0.04,0.3306,0.0477,15.192,31039414
8.557,0.04,0.3306,0.0477,15.192,31039414
8.608,0.04,0.3306,0.0594,18.901,31039538
8.659,0.04,0.3306,0.0594,18.901,31039538
8.71,0.04,0.3306,0.0645,20.527,31039676
8.761,0.04,0.3306,0.0645,20.527,31039676
8.812,0.04,0.3306,0.0602,19.149,31039806
8.862,0.04,0.3306,0.0602,19.149,31039806
8.914,0.04,0.3306,0.044,14.008,31039901
8.965,0.04,0.3306,0.044,14.008,31039901
9.016,0.04,0.3306,0.0401,12.78,31039990
9.067,0.04,0.3306,0.0401,12.78,31039990
9.118,0.04,0.3306,0.0506,16.111,31040101
9.169,0.04,0.3306,0.0506,16.111,31040101
9.22,0.04,0.3306,0.0578,18.413,31040224
9.271,0.04,0.3306,0.0578,18.413,31040224
9.322,0.04,0.3306,0.0508,16.18,31040341
9.373,0.04,0.3306,0.0508,16.18,31040341
9.424,0.04,0.3306,0.0528,16.795,31040448
9.475,0.04,0.3306,0.0528,16.795,31040448
9.526,0.04,0.3306,0.0478,15.227,31040552
9.577,0.04,0.3306,0.0478,15.227,31040552
9.627,0.04,0.3306,0.0527,16.766,31040667
9.678,0.04,0.3306,0.0527,16.766,31040667
9.729,0.04,0.3306,0.05,15.927,31040783
9.78,0.04,0.3306,0.05,15.927,31040783
9.831,0.04,0.3306,0.0522,16.619,31040892
9.881,0.04,0.3306,0.0522,16.619,31040892
9.932,0.04,0.3306,0.0496,15.781,31040996
9.983,0.04,0.3306,0.0496,15.781,31040996
10.034,0.04,0.3306,0.0427,13.607,31041093
10.084,0.04,0.3306,0.0427,13.607,31041093
10.135,0.04,0.3306,0.0509,16.199,31041199
10.186,0.04,0.3306,0.0509,16.199,31041199
10.238,0.04,0.3306,0.0527,16.772,31041314
10.289,0.04,0.3306,0.0527,16.772,31041314
10.339,0.04,0.3306,0.0514,16.373,31041426
10.39,0.04,0.3306,0.0514,16.373,31041426
10.441,0.04,0.3306,0.0449,14.292,31041523
10.492,0.04,0.3306,0.0449,14.292,31041523
10.543,0.04,0.3306,0.0461,14.679,31041624
10.594,0.04,0.3306,0.0461,14.679,31041624
10.645,0.04,0.3306,0.0539,17.149,31041740
10.695,0.04,0.3306,0.0575,18.314,31041865
10.747,0.04,0.3306,0.0575,18.314,31041865
10.798,0.04,0.3306,0.0535,17.015,31041984
10.849,0.04,0.3306,0.0535,17.015,31041984
10.899,0.04,0.3306,0.0443,14.093,31042078
10.951,0.04,0.3306,0.0443,14.093,31042078
11.001,0.04,0.3306,0.037,11.781,31042163
11.052,0.04,0.3306,0.037,11.781,31042163
11.102,0.04,0.3306,0.0436,13.871,31042257
11.154,0.04,0.3306,0.0436,13.871,31042257
11.204,0.04,0.3306,0.0512,16.292,31042367
11.255,0.04,0.3306,0.0512,16.292,31042367
11.306,0.04,0.3306,0.053,16.875,31042481
11.357,0.04,0.3306,0.053,16.875,31042481
11.408,0.04,0.3306,0.0522,16.603,31042595
11.459,0.04,0.3306,0.0522,16.603,31042595
11.509,0.04,0.3306,0.0495,15.77,31042702
11.56,0.04,0.3306,0.0495,15.77,31042702
11.611,0.04,0.3306,0.0428,13.621,31042795
11.661,0.04,0.3306,0.0428,13.621,31042795
11.713,0.04,0.3306,0.0432,13.76,31042888
11.764,0.04,0.3306,0.0432,13.76,31042888
11.815,0.04,0.3306,0.0461,14.658,31042986
11.866,0.04,0.3306,0.0461,14.658,31042986
11.917,0.04,0.3306,0.042,13.381,31043085
11.969,0.04,0.3306,0.042,13.381,31043085
12.02,0.06,0.38,0.0468,14.895,31043186
12.071,0.06,0.38,0.0468,14.895,31043186
12.122,0.06,0.38,0.0488,15.525,31043291
12.173,0.06,0.38,0.0488,15.525,31043291
12.224,0.06,0.38,0.0575,18.308,31043411
12.275,0.06,0.38,0.0575,18.308,31043411
12.326,0.06,0.38,0.0606,19.288,31043542
12.378,0.06,0.38,0.0606,19.288,31043542
12.429,0.06,0.38,0.0652,20.756,31043681
12.48,0.06,0.38,0.0652,20.756,31043681
12.531,0.06,0.38,0.0668,21.252,31043830
12.583,0.06,0.38,0.0668,21.252,31043830
12.633,0.06,0.38,0.065,20.687,31043970
12.684,0.06,0.38,0.065,20.687,31043970
12.736,0.06,0.38,0.0605,19.271,31044099
12.787,0.06,0.38,0.0605,19.271,31044099
12.838,0.06,0.38,0.0604,19.225,31044230
12.889,0.06,0.38,0.0604,19.225,31044230
12.939,0.06,0.38,0.062,19.725,31044366
12.99,0.06,0.38,0.062,19.725,31044366
13.041,0.06,0.38,0.0654,20.823,31044508
13.091,0.06,0.38,0.0654,20.823,31044508
13.142,0.06,0.38,0.0637,20.276,31044648
13.194,0.06,0.38,0.0637,20.276,31044648
13.245,0.06,0.38,0.0632,20.116,31044783
13.296,0.06,0.38,0.0599,19.082,31044914
13.347,0.06,0.38,0.0599,19.082,31044914
13.398,0.06,0.38,0.0596,18.969,31045046
13.449,0.06,0.38,0.0596,18.969,31045046
13.5,0.06,0.38,0.0626,19.928,31045185
13.551,0.06,0.38,0.0626,19.928,31045185
13.603,0.06,0.38,0.0642,20.439,31045328
13.653,0.06,0.38,0.0642,20.439,31045328
13.704,0.06,0.38,0.0621,19.761,31045463
13.756,0.06,0.38,0.0621,19.761,31045463
13.807,0.06,0.38,0.0625,19.888,31045599
13.858,0.06,0.38,0.0625,19.888,31045599
13.909,0.06,0.38,0.065,20.693,31045741
13.96,0.06,0.38,0.065,20.693,31045741
14.011,0.06,0.38,0.0673,21.408,31045884
14.062,0.06,0.38,0.0673,21.408,31045884
14.113,0.06,0.38,0.0631,20.077,31046020
14.163,0.06,0.38,0.0631,20.077,31046020
14.215,0.06,0.38,0.0612,19.481,31046152
14.266,0.06,0.38,0.0612,19.481,31046152
14.317,0.06,0.38,0.0647,20.589,31046290
14.368,0.06,0.38,0.0647,20.589,31046290
14.419,0.06,0.38,0.0671,21.365,31046432
14.47,0.06,0.38,0.0671,21.365,31046432
14.521,0.06,0.38,0.065,20.699,31046576
14.571,0.06,0.38,0.065,20.699,31046576
14.622,0.06,0.38,0.0632,20.108,31046712
14.673,0.06,0.38,0.0632,20.108,31046712
14.724,0.06,0.38,0.0661,21.027,31046854
14.775,0.06,0.38,0.0661,21.027,31046854
14.826,0.06,0.38,0.0669,21.298,31047006
14.878,0.06,0.38,0.0669,21.298,31047006
14.929,0.06,0.38,0.0726,23.124,31047163
14.98,0.06,0.38,0.0726,23.124,31047163
15.031,0.06,0.38,0.0717,22.822,31047316
15.081,0.06,0.38,0.0717,22.822,31047316
15.132,0.06,0.38,0.0701,22.319,31047470
15.183,0.06,0.38,0.0701,22.319,31047470
15.234,0.06,0.38,0.0742,23.616,31047626
15.285,0.06,0.38,0.0742,23.616,31047626
15.336,0.06,0.38,0.0719,22.88,31047783
15.388,0.06,0.38,0.0719,22.88,31047783
15.439,0.06,0.38,0.0723,23.021,31047939
15.49,0.06,0.38,0.0723,23.021,31047939
15.541,0.06,0.38,0.0721,22.957,31048096
15.592,0.06,0.38,0.0721,22.957,31048096
15.643,0.06,0.38,0.0732,23.303,31048255
15.694,0.06,0.38,0.0732,23.303,31048255
15.746,0.06,0.38,0.0729,23.216,31048415
15.797,0.06,0.38,0.0723,23.0,31048573
15.848,0.06,0.38,0.0723,23.0,31048573
15.899,0.06,0.38,0.0709,22.562,31048731
15.95,0.06,0.38,0.0709,22.562,31048731
16.001,0.08,0.4293,0.0728,23.186,31048890
16.052,0.08,0.4293,0.0728,23.186,31048890
16.103,0.08,0.4293,0.0779,24.799,31049057
16.154,0.08,0.4293,0.0779,24.799,31049057
16.206,0.08,0.4293,0.0866,27.581,31049242
16.257,0.08,0.4293,0.0866,27.581,31049242
16.308,0.08,0.4293,0.0935,29.76,31049443
16.359,0.08,0.4293,0.0935,29.76,31049443
16.41,0.08,0.4293,0.0902,28.699,31049649
16.461,0.08,0.4293,0.0902,28.699,31049649
16.512,0.08,0.4293,0.0963,30.644,31049857
16.562,0.08,0.4293,0.0963,30.644,31049857
16.613,0.08,0.4293,0.0898,28.593,31050052
16.664,0.08,0.4293,0.0898,28.593,31050052
16.716,0.08,0.4293,0.0887,28.247,31050245
16.767,0.08,0.4293,0.0887,28.247,31050245
16.817,0.08,0.4293,0.0884,28.135,31050437
16.868,0.08,0.4293,0.0884,28.135,31050437
16.919,0.08,0.4293,0.0941,29.94,31050632
16.97,0.08,0.4293,0.0941,29.94,31050632
17.021,0.08,0.4293,0.0865,27.546,31050825
17.072,0.08,0.4293,0.0865,27.546,31050825
17.123,0.08,0.4293,0.0891,28.351,31051016
17.174,0.08,0.4293,0.0891,28.351,31051016
17.225,0.08,0.4293,0.0908,28.89,31051210
17.276,0.08,0.4293,0.0908,28.89,31051210
17.327,0.08,0.4293,0.0921,29.305,31051410
17.379,0.08,0.4293,0.0921,29.305,31051410
17.429,0.08,0.4293,0.0857,27.289,31051606
17.481,0.08,0.4293,0.0857,27.289,31051606
17.531,0.08,0.4293,0.0894,28.465,31051797
17.582,0.08,0.4293,0.0894,28.465,31051797
17.633,0.08,0.4293,0.095,30.229,31051997
17.685,0.08,0.4293,0.095,30.229,31051997
17.735,0.08,0.4293,0.0905,28.823,31052193
17.786,0.08,0.4293,0.0905,28.823,31052193
17.838,0.08,0.4293,0.0875,27.844,31052384
17.889,0.08,0.4293,0.0875,27.844,31052384
17.94,0.08,0.4293,0.0885,28.179,31052575
17.991,0.08,0.4293,0.0885,28.179,31052575
18.042,0.08,0.4293,0.0884,28.135,31052768
18.093,0.08,0.4293,0.0884,28.135,31052768
18.144,0.08,0.4293,0.0902,28.711,31052963
18.194,0.08,0.4293,0.0902,28.711,31052963
18.245,0.08,0.4293,0.0889,28.284,31053158
18.296,0.08,0.4293,0.0922,29.34,31053358
18.347,0.08,0.4293,0.0922,29.34,31053358
18.398,0.08,0.4293,0.09,28.638,31053553
18.449,0.08,0.4293,0.09,28.638,31053553
18.499,0.08,0.4293,0.0863,27.461,31053744
18.55,0.08,0.4293,0.0863,27.461,31053744
18.601,0.08,0.4293,0.0936,29.802,31053943
18.652,0.08,0.4293,0.0936,29.802,31053943
18.703,0.08,0.4293,0.0922,29.351,31054143
18.755,0.08,0.4293,0.0922,29.351,31054143
18.805,0.08,0.4293,0.0883,28.109,31054340
18.856,0.08,0.4293,0.0883,28.109,31054340
18.907,0.08,0.4293,0.0882,28.06,31054533
18.958,0.08,0.4293,0.0882,28.06,31054533
19.009,0.08,0.4293,0.0899,28.612,31054725
19.059,0.08,0.4293,0.0899,28.612,31054725
19.11,0.08,0.4293,0.0866,27.551,31054917
19.161,0.08,0.4293,0.0866,27.551,31054917
19.212,0.08,0.4293,0.0933,29.688,31055114
19.263,0.08,0.4293,0.0933,29.688,31055114
19.314,0.08,0.4293,0.0883,28.117,31055314
19.365,0.08,0.4293,0.0883,28.117,31055314
19.416,0.08,0.4293,0.0944,30.049,31055510
19.466,0.08,0.4293,0.0944,30.049,31055510
19.517,0.08,0.4293,0.0904,28.784,31055707
19.567,0.08,0.4293,0.0904,28.784,31055707
19.618,0.08,0.4293,0.0867,27.597,31055909
19.669,0.08,0.4293,0.0867,27.597,31055909
19.72,0.08,0.4293,0.0964,30.689,31056114
19.771,0.08,0.4293,0.0964,30.689,31056114
19.822,0.08,0.4293,0.0962,30.62,31056316
19.874,0.08,0.4293,0.0962,30.62,31056316
19.925,0.08,0.4293,0.0929,29.557,31056515
19.976,0.08,0.4293,0.0929,29.557,31056515
20.027,0.1,0.4787,0.0942,29.992,31056720
20.078,0.1,0.4787,0.0942,29.992,31056720
20.129,0.1,0.4787,0.0982,31.265,31056931
20.18,0.1,0.4787,0.0982,31.265,31056931
20.231,0.1,0.4787,0.1044,33.22,31057160
20.281,0.1,0.4787,0.1044,33.22,31057160
20.332,0.1,0.4787,0.1141,36.319,31057406
20.384,0.1,0.4787,0.1141,36.319,31057406
20.435,0.1,0.4787,0.1169,37.218,31057659
20.485,0.1,0.4787,0.1169,37.218,31057659
20.536,0.1,0.4787,0.1105,35.16,31057904
20.587,0.1,0.4787,0.1105,35.16,31057904
20.637,0.1,0.4787,0.1151,36.635,31058152
20.688,0.1,0.4787,0.1151,36.635,31058152
20.739,0.1,0.4787,0.113,35.964,31058397
20.79,0.1,0.4787,0.113,35.964,31058397
20.841,0.1,0.4787,0.1129,35.924,31058640
20.892,0.1,0.4787,0.1129,35.924,31058640
20.943,0.1,0.4787,0.1094,34.839,31058879
20.994,0.1,0.4787,0.1094,34.839,31058879
21.045,0.1,0.4787,0.1087,34.597,31059118
21.096,0.1,0.4787,0.1101,35.041,31059355
21.146,0.1,0.4787,0.1101,35.041,31059355
21.197,0.1,0.4787,0.1103,35.097,31059593
21.248,0.1,0.4787,0.1103,35.097,31059593
21.299,0.1,0.4787,0.1068,33.995,31059833
21.35,0.1,0.4787,0.1068,33.995,31059833
21.401,0.1,0.4787,0.1169,37.2,31060081
21.453,0.1,0.4787,0.1169,37.2,31060081
21.503,0.1,0.4787,0.1097,34.925,31060320
21.554,0.1,0.4787,0.1097,34.925,31060320
21.604,0.1,0.4787,0.1011,32.182,31060555
21.654,0.1,0.4787,0.1011,32.182,31060555
21.705,0.1,0.4787,0.1103,35.107,31060795
21.757,0.1,0.4787,0.1103,35.107,31060795
21.808,0.1,0.4787,0.1109,35.302,31061034
21.859,0.1,0.4787,0.1109,35.302,31061034
21.91,0.1,0.4787,0.1129,35.947,31061276
21.961,0.1,0.4787,0.1129,35.947,31061276
22.012,0.1,0.4787,0.1157,36.825,31061520
22.064,0.1,0.4787,0.1157,36.825,31061520
22.114,0.1,0.4787,0.1129,35.952,31061758
22.166,0.1,0.4787,0.1129,35.952,31061758
22.217,0.1,0.4787,0.1038,33.041,31061994
22.268,0.1,0.4787,0.1038,33.041,31061994
22.319,0.1,0.4787,0.1114,35.46,31062236
22.37,0.1,0.4787,0.1114,35.46,31062236
22.421,0.1,0.4787,0.1169,37.21,31062478
22.473,0.1,0.4787,0.1169,37.21,31062478
22.524,0.1,0.4787,0.1078,34.328,31062721
22.574,0.1,0.4787,0.1078,34.328,31062721
22.625,0.1,0.4787,0.1092,34.76,31062963
22.675,0.1,0.4787,0.1092,34.76,31062963
22.726,0.1,0.4787,0.1131,36.012,31063202
22.778,0.1,0.4787,0.1131,36.012,31063202
22.829,0.1,0.4787,0.1109,35.309,31063439
22.879,0.1,0.4787,0.1109,35.309,31063439
22.932,0.1,0.4787,0.1121,35.668,31063679
22.983,0.1,0.4787,0.1121,35.668,31063679
23.033,0.1,0.4787,0.1116,35.518,31063925
23.084,0.1,0.4787,0.1116,35.518,31063925
23.135,0.1,0.4787,0.1133,36.078,31064169
23.186,0.1,0.4787,0.1133,36.078,31064169
23.237,0.1,0.4787,0.112,35.664,31064412
23.287,0.1,0.4787,0.112,35.664,31064412
23.338,0.1,0.4787,0.115,36.592,31064661
23.388,0.1,0.4787,0.115,36.592,31064661
23.44,0.1,0.4787,0.1144,36.399,31064912
23.492,0.1,0.4787,0.1144,36.399,31064912
23.542,0.1,0.4787,0.1151,36.632,31065161
23.593,0.1,0.4787,0.1151,36.632,31065161
23.644,0.1,0.4787,0.1125,35.815,31065408
23.695,0.1,0.4787,0.1125,35.815,31065408
23.746,0.1,0.4787,0.1155,36.774,31065658
23.798,0.1,0.4787,0.1095,34.857,31065899
23.848,0.1,0.4787,0.1095,34.857,31065899
23.899,0.1,0.4787,0.1152,36.655,31066144
23.95,0.1,0.4787,0.1152,36.655,31066144
24.001,0.12,0.528,0.1163,37.035,31066397
24.052,0.12,0.528,0.1163,37.035,31066397
24.104,0.12,0.528,0.1046,33.299,31066644
24.155,0.12,0.528,0.1046,33.299,31066644
24.206,0.12,0.528,0.1251,39.813,31066908
24.257,0.12,0.528,0.1251,39.813,31066908
24.31,0.12,0.528,0.1342,42.728,31067186
24.36,0.12,0.528,0.1342,42.728,31067186
24.411,0.12,0.528,0.1277,40.659,31067469
24.461,0.12,0.528,0.1277,40.659,31067469
24.512,0.12,0.528,0.1343,42.743,31067761
24.563,0.12,0.528,0.1343,42.743,31067761
24.614,0.12,0.528,0.1348,42.921,31068045
24.664,0.12,0.528,0.1348,42.921,31068045
24.715,0.12,0.528,0.1285,40.889,31068324
24.766,0.12,0.528,0.1285,40.889,31068324
24.817,0.12,0.528,0.1214,38.651,31068612
24.868,0.12,0.528,0.1214,38.651,31068612
24.919,0.12,0.528,0.1335,42.509,31068895
24.969,0.12,0.528,0.1335,42.509,31068895
25.02,0.12,0.528,0.1364,43.41,31069186
25.071,0.12,0.528,0.1364,43.41,31069186
25.122,0.12,0.528,0.1368,43.532,31069474
25.173,0.12,0.528,0.1368,43.532,31069474
25.224,0.12,0.528,0.1346,42.845,31069765
25.275,0.12,0.528,0.1346,42.845,31069765
25.326,0.12,0.528,0.1277,40.657,31070042
25.377,0.12,0.528,0.1277,40.657,31070042
25.428,0.12,0.528,0.1311,41.722,31070322
25.479,0.12,0.528,0.1311,41.722,31070322
25.53,0.12,0.528,0.1209,38.479,31070605
25.581,0.12,0.528,0.1209,38.479,31070605
25.633,0.12,0.528,0.1328,42.286,31070891
25.684,0.12,0.528,0.1328,42.286,31070891
25.735,0.12,0.528,0.1419,45.153,31071179
25.786,0.12,0.528,0.1419,45.153,31071179
25.836,0.12,0.528,0.1328,42.279,31071468
25.889,0.12,0.528,0.1328,42.279,31071468
25.939,0.12,0.528,0.133,42.347,31071759
25.99,0.12,0.528,0.133,42.347,31071759
26.04,0.12,0.528,0.1287,40.962,31072039
26.091,0.12,0.528,0.1287,40.962,31072039
26.142,0.12,0.528,0.126,40.11,31072313
26.192,0.12,0.528,0.126,40.11,31072313
26.243,0.12,0.528,0.1292,41.12,31072592
26.294,0.12,0.528,0.1292,41.12,31072592
26.345,0.12,0.528,0.1209,38.491,31072855
26.396,0.12,0.528,0.1231,39.171,31073124
26.447,0.12,0.528,0.1231,39.171,31073124
26.498,0.12,0.528,0.1266,40.31,31073403
26.548,0.12,0.528,0.1266,40.31,31073403
26.599,0.12,0.528,0.1344,42.78,31073695
26.651,0.12,0.528,0.1344,42.78,31073695
26.702,0.12,0.528,0.1325,42.166,31073983
26.753,0.12,0.528,0.1325,42.166,31073983
26.804,0.12,0.528,0.1291,41.098,31074261
26.855,0.12,0.528,0.1291,41.098,31074261
26.905,0.12,0.528,0.1305,41.532,31074541
26.956,0.12,0.528,0.1305,41.532,31074541
27.007,0.12,0.528,0.1303,41.483,31074826
27.057,0.12,0.528,0.1303,41.483,31074826
27.108,0.12,0.528,0.1197,38.086,31075110
27.16,0.12,0.528,0.1197,38.086,31075110
27.21,0.12,0.528,0.1253,39.892,31075378
27.261,0.12,0.528,0.1253,39.892,31075378
27.312,0.12,0.528,0.1211,38.537,31075635
27.363,0.12,0.528,0.1211,38.537,31075635
27.414,0.12,0.528,0.1209,38.493,31075895
27.465,0.12,0.528,0.1209,38.493,31075895
27.515,0.12,0.528,0.1178,37.489,31076149
27.566,0.12,0.528,0.1178,37.489,31076149
27.617,0.12,0.528,0.1217,38.731,31076408
27.668,0.12,0.528,0.1217,38.731,31076408
27.718,0.12,0.528,0.1228,39.096,31076673
27.769,0.12,0.528,0.1228,39.096,31076673
27.819,0.12,0.528,0.1071,34.093,31076926
27.871,0.12,0.528,0.1071,34.093,31076926
27.922,0.12,0.528,0.1162,36.998,31077175
27.973,0.12,0.528,0.1162,36.998,31077175
28.024,0.14,0.5774,0.1127,35.865,31077418
28.075,0.14,0.5774,0.1127,35.865,31077418
28.126,0.14,0.5774,0.122,38.822,31077683
28.176,0.14,0.5774,0.122,38.822,31077683
28.227,0.14,0.5774,0.1393,44.35,31077976
28.278,0.14,0.5774,0.1393,44.35,31077976
28.329,0.14,0.5774,0.1436,45.724,31078286
28.379,0.14,0.5774,0.1436,45.724,31078286
28.43,0.14,0.5774,0.1438,45.785,31078603
28.481,0.14,0.5774,0.1438,45.785,31078603
28.532,0.14,0.5774,0.1462,46.549,31078913
28.583,0.14,0.5774,0.1462,46.549,31078913
28.634,0.14,0.5774,0.1419,45.16,31079212
28.685,0.14,0.5774,0.1419,45.16,31079212
28.736,0.14,0.5774,0.1377,43.839,31079516
28.786,0.14,0.5774,0.1377,43.839,31079516
28.837,0.14,0.5774,0.1477,47.005,31079832
28.889,0.14,0.5774,0.1477,47.005,31079832
28.94,0.14,0.5774,0.1472,46.859,31080151
28.991,0.14,0.5774,0.1472,46.859,31080151
29.041,0.14,0.5774,0.1536,48.893,31080488
29.093,0.14,0.5774,0.1536,48.893,31080488
29.143,0.14,0.5774,0.1576,50.154,31080830
29.193,0.14,0.5774,0.1576,50.154,31080830
29.244,0.14,0.5774,0.1527,48.61,31081163
29.295,0.14,0.5774,0.1527,48.61,31081163
29.346,0.14,0.5774,0.1497,47.661,31081486
29.396,0.14,0.5774,0.1504,47.872,31081811
29.448,0.14,0.5774,0.1504,47.872,31081811
29.498,0.14,0.5774,0.15,47.75,31082147
29.549,0.14,0.5774,0.15,47.75,31082147
29.6,0.14,0.5774,0.1488,47.379,31082477
29.652,0.14,0.5774,0.1488,47.379,31082477
29.702,0.14,0.5774,0.153,48.702,31082809
29.753,0.14,0.5774,0.153,48.702,31082809
29.804,0.14,0.5774,0.1545,49.176,31083132
29.855,0.14,0.5774,0.1545,49.176,31083132
29.906,0.14,0.5774,0.1438,45.787,31083454
29.957,0.14,0.5774,0.1438,45.787,31083454
30.009,0.14,0.5774,0.1497,47.637,31083780
30.06,0.14,0.5774,0.1497,47.637,31083780
30.111,0.14,0.5774,0.1528,48.634,31084106
30.162,0.14,0.5774,0.1528,48.634,31084106
30.213,0.14,0.5774,0.15,47.735,31084428
30.264,0.14,0.5774,0.15,47.735,31084428
30.316,0.14,0.5774,0.1511,48.094,31084753
30.367,0.14,0.5774,0.1511,48.094,31084753
30.418,0.14,0.5774,0.1468,46.734,31085082
30.469,0.14,0.5774,0.1468,46.734,31085082
30.52,0.14,0.5774,0.1493,47.513,31085401
30.571,0.14,0.5774,0.1493,47.513,31085401
30.622,0.14,0.5774,0.1431,45.565,31085712
30.672,0.14,0.5774,0.1431,45.565,31085712
30.723,0.14,0.5774,0.1465,46.638,31086026
30.774,0.14,0.5774,0.1465,46.638,31086026
30.825,0.14,0.5774,0.1455,46.322,31086342
30.876,0.14,0.5774,0.1455,46.322,31086342
30.927,0.14,0.5774,0.1391,44.276,31086674
30.978,0.14,0.5774,0.1391,44.276,31086674
31.028,0.14,0.5774,0.1578,50.232,31087004
31.08,0.14,0.5774,0.1578,50.232,31087004
31.13,0.14,0.5774,0.1521,48.426,31087330
31.181,0.14,0.5774,0.1521,48.426,31087330
31.232,0.14,0.5774,0.1494,47.546,31087651
31.283,0.14,0.5774,0.1494,47.546,31087651
31.335,0.14,0.5774,0.1501,47.784,31087975
31.385,0.14,0.5774,0.1501,47.784,31087975
31.435,0.14,0.5774,0.1544,49.139,31088302
31.486,0.14,0.5774,0.1544,49.139,31088302
31.537,0.14,0.5774,0.1531,48.747,31088633
31.588,0.14,0.5774,0.1531,48.747,31088633
31.64,0.14,0.5774,0.1515,48.237,31088964
31.691,0.14,0.5774,0.1515,48.237,31088964
31.742,0.14,0.5774,0.1517,48.28,31089294
31.793,0.14,0.5774,0.1517,48.28,31089294
31.843,0.14,0.5774,0.1519,48.336,31089625
31.894,0.14,0.5774,0.1519,48.336,31089625
31.945,0.14,0.5774,0.1569,49.93,31089962
31.996,0.14,0.5774,0.1569,49.93,31089962
32.046,0.16,0.6268,0.1489,47.391,31090289
32.097,0.16,0.6268,0.155,49.351,31090627
32.148,0.16,0.6268,0.155,49.351,31090627
32.199,0.16,0.6268,0.1596,50.81,31090976
32.249,0.16,0.6268,0.1596,50.81,31090976
32.3,0.16,0.6268,0.1702,54.177,31091345
32.351,0.16,0.6268,0.1702,54.177,31091345
32.401,0.16,0.6268,0.1681,53.521,31091719
32.452,0.16,0.6268,0.1681,53.521,31091719
32.503,0.16,0.6268,0.174,55.389,31092089
32.554,0.16,0.6268,0.174,55.389,31092089
32.605,0.16,0.6268,0.1707,54.337,31092453
32.656,0.16,0.6268,0.1707,54.337,31092453
32.707,0.16,0.6268,0.153,48.7,31092820
32.759,0.16,0.6268,0.153,48.7,31092820
32.81,0.16,0.6268,0.1723,54.838,31093190
32.861,0.16,0.6268,0.1723,54.838,31093190
32.911,0.16,0.6268,0.1746,55.574,31093561
32.963,0.16,0.6268,0.1746,55.574,31093561
33.013,0.16,0.6268,0.172,54.757,31093928
33.064,0.16,0.6268,0.172,54.757,31093928
33.115,0.16,0.6268,0.1755,55.859,31094298
33.165,0.16,0.6268,0.1755,55.859,31094298
33.216,0.16,0.6268,0.1738,55.332,31094669
33.267,0.16,0.6268,0.1738,55.332,31094669
33.318,0.16,0.6268,0.1555,49.484,31095040
33.368,0.16,0.6268,0.1555,49.484,31095040
33.419,0.16,0.6268,0.1718,54.678,31095408
33.471,0.16,0.6268,0.1718,54.678,31095408
33.522,0.16,0.6268,0.1761,56.05,31095777
33.573,0.16,0.6268,0.1761,56.05,31095777
33.624,0.16,0.6268,0.1779,56.64,31096148
33.675,0.16,0.6268,0.1779,56.64,31096148
33.727,0.16,0.6268,0.1593,50.72,31096513
33.777,0.16,0.6268,0.1593,50.72,31096513
33.827,0.16,0.6268,0.1748,55.637,31096891
33.879,0.16,0.6268,0.1748,55.637,31096891
33.93,0.16,0.6268,0.1791,56.997,31097275
33.981,0.16,0.6268,0.1791,56.997,31097275
34.033,0.16,0.6268,0.1729,55.023,31097652
34.084,0.16,0.6268,0.1729,55.023,31097652
34.134,0.16,0.6268,0.1755,55.878,31098026
34.185,0.16,0.6268,0.1755,55.878,31098026
34.236,0.16,0.6268,0.1809,57.574,31098407
34.286,0.16,0.6268,0.1809,57.574,31098407
34.338,0.16,0.6268,0.1744,55.522,31098786
34.389,0.16,0.6268,0.1744,55.522,31098786
34.44,0.16,0.6268,0.1732,55.121,31099161
34.491,0.16,0.6268,0.1732,55.121,31099161
34.542,0.16,0.6268,0.1688,53.738,31099531
34.593,0.16,0.6268,0.1688,53.738,31099531
34.644,0.16,0.6268,0.1687,53.686,31099898
34.695,0.16,0.6268,0.1687,53.686,31099898
34.746,0.16,0.6268,0.1667,53.076,31100263
34.797,0.16,0.6268,0.1673,53.249,31100625
34.848,0.16,0.6268,0.1673,53.249,31100625
34.899,0.16,0.6268,0.1657,52.739,31100992
34.949,0.16,0.6268,0.1657,52.739,31100992
35.0,0.16,0.6268,0.1676,53.337,31101360
35.05,0.16,0.6268,0.1676,53.337,31101360
35.101,0.16,0.6268,0.1673,53.244,31101727
35.152,0.16,0.6268,0.1673,53.244,31101727
35.202,0.16,0.6268,0.1674,53.271,31102091
35.254,0.16,0.6268,0.1674,53.271,31102091
35.305,0.16,0.6268,0.1729,55.041,31102463
35.356,0.16,0.6268,0.1729,55.041,31102463
35.407,0.16,0.6268,0.1719,54.725,31102832
35.457,0.16,0.6268,0.1719,54.725,31102832
35.509,0.16,0.6268,0.1731,55.11,31103203
35.56,0.16,0.6268,0.1731,55.11,31103203
35.611,0.16,0.6268,0.1555,49.499,31103570
35.661,0.16,0.6268,0.1555,49.499,31103570
35.712,0.16,0.6268,0.1716,54.63,31103935
35.763,0.16,0.6268,0.1716,54.63,31103935
35.813,0.16,0.6268,0.1759,56.005,31104306
35.864,0.16,0.6268,0.1759,56.005,31104306
35.914,0.16,0.6268,0.178,56.655,31104684
35.967,0.16,0.6268,0.178,56.655,31104684
36.017,0.18,0.6761,0.174,55.379,31105060
36.068,0.18,0.6761,0.174,55.379,31105060
36.12,0.18,0.6761,0.1746,55.568,31105445
36.171,0.18,0.6761,0.1746,55.568,31105445
36.221,0.18,0.6761,0.1868,59.461,31105849
36.272,0.18,0.6761,0.1868,59.461,31105849
36.323,0.18,0.6761,0.1953,62.168,31106273
36.374,0.18,0.6761,0.1953,62.168,31106273
36.425,0.18,0.6761,0.2035,64.774,31106701
36.475,0.18,0.6761,0.2035,64.774,31106701
36.527,0.18,0.6761,0.195,62.055,31107125
36.578,0.18,0.6761,0.195,62.055,31107125
36.629,0.18,0.6761,0.1865,59.368,31107541
36.68,0.18,0.6761,0.1865,59.368,31107541
36.731,0.18,0.6761,0.1837,58.488,31107950
36.782,0.18,0.6761,0.1837,58.488,31107950
36.833,0.18,0.6761,0.1882,59.917,31108358
36.884,0.18,0.6761,0.1882,59.917,31108358
36.935,0.18,0.6761,0.1947,61.991,31108767
36.986,0.18,0.6761,0.1947,61.991,31108767
37.036,0.18,0.6761,0.1855,59.044,31109169
37.087,0.18,0.6761,0.1855,59.044,31109169
37.138,0.18,0.6761,0.1867,59.419,31109576
37.189,0.18,0.6761,0.1867,59.419,31109576
37.24,0.18,0.6761,0.1892,60.236,31109987
37.291,0.18,0.6761,0.1892,60.236,31109987
37.342,0.18,0.6761,0.1904,60.604,31110397
37.392,0.18,0.6761,0.1904,60.604,31110397
37.444,0.18,0.6761,0.1858,59.139,31110800
37.494,0.18,0.6761,0.1858,59.139,31110800
37.545,0.18,0.6761,0.1901,60.51,31111214
37.596,0.18,0.6761,0.1888,60.088,31111624
37.647,0.18,0.6761,0.1888,60.088,31111624
37.698,0.18,0.6761,0.1845,58.718,31112031
37.749,0.18,0.6761,0.1845,58.718,31112031
37.799,0.18,0.6761,0.1824,58.061,31112432
37.85,0.18,0.6761,0.1824,58.061,31112432
37.901,0.18,0.6761,0.1897,60.382,31112851
37.951,0.18,0.6761,0.1897,60.382,31112851
38.002,0.18,0.6761,0.1932,61.502,31113273
38.054,0.18,0.6761,0.1932,61.502,31113273
38.105,0.18,0.6761,0.2028,64.565,31113704
38.156,0.18,0.6761,0.2028,64.565,31113704
38.206,0.18,0.6761,0.2018,64.229,31114134
38.257,0.18,0.6761,0.2018,64.229,31114134
38.308,0.18,0.6761,0.1872,59.573,31114559
38.359,0.18,0.6761,0.1872,59.573,31114559
38.41,0.18,0.6761,0.1975,62.877,31114979
38.461,0.18,0.6761,0.1975,62.877,31114979
38.512,0.18,0.6761,0.202,64.294,31115405
38.562,0.18,0.6761,0.202,64.294,31115405
38.614,0.18,0.6761,0.1865,59.352,31115827
38.664,0.18,0.6761,0.1865,59.352,31115827
38.715,0.18,0.6761,0.196,62.373,31116240
38.766,0.18,0.6761,0.196,62.373,31116240
38.817,0.18,0.6761,0.1847,58.799,31116649
38.867,0.18,0.6761,0.1847,58.799,31116649
38.918,0.18,0.6761,0.1796,57.159,31117044
38.969,0.18,0.6761,0.1796,57.159,31117044
39.02,0.18,0.6761,0.1848,58.828,31117446
39.071,0.18,0.6761,0.1848,58.828,31117446
39.122,0.18,0.6761,0.1841,58.597,31117839
39.172,0.18,0.6761,0.1841,58.597,31117839
39.224,0.18,0.6761,0.1848,58.827,31118232
39.275,0.18,0.6761,0.1848,58.827,31118232
39.326,0.18,0.6761,0.1764,56.144,31118613
39.377,0.18,0.6761,0.1764,56.144,31118613
39.428,0.18,0.6761,0.176,56.02,31118993
39.479,0.18,0.6761,0.176,56.02,31118993
39.53,0.18,0.6761,0.1597,50.843,31119369
39.581,0.18,0.6761,0.1597,50.843,31119369
39.631,0.18,0.6761,0.1859,59.176,31119742
39.683,0.18,0.6761,0.1859,59.176,31119742
39.734,0.18,0.6761,0.1621,51.589,31120113
39.784,0.18,0.6761,0.1621,51.589,31120113
39.835,0.18,0.6761,0.1834,58.385,31120490
39.888,0.18,0.6761,0.1834,58.385,31120490
39.939,0.18,0.6761,0.1722,54.815,31120864
39.991,0.18,0.6761,0.1722,54.815,31120864
40.041,0.2,0.7255,0.1787,56.871,31121252
40.093,0.2,0.7255,0.1787,56.871,31121252
40.143,0.2,0.7255,0.1748,55.625,31121630
40.194,0.2,0.7255,0.1748,55.625,31121630
40.246,0.2,0.7255,0.1838,58.513,31122032
40.296,0.2,0.7255,0.2083,66.32,31122484
40.347,0.2,0.7255,0.2083,66.32,31122484
40.399,0.2,0.7255,0.2047,65.143,31122943
40.45,0.2,0.7255,0.2047,65.143,31122943
40.502,0.2,0.7255,0.2112,67.215,31123387
40.553,0.2,0.7255,0.2112,67.215,31123387
40.603,0.2,0.7255,0.2058,65.51,31123836
40.654,0.2,0.7255,0.2058,65.51,31123836
40.705,0.2,0.7255,0.1956,62.259,31124292
40.757,0.2,0.7255,0.1956,62.259,31124292
40.807,0.2,0.7255,0.212,67.472,31124748
40.859,0.2,0.7255,0.212,67.472,31124748
40.91,0.2,0.7255,0.2127,67.698,31125200
40.96,0.2,0.7255,0.2127,67.698,31125200
41.011,0.2,0.7255,0.211,67.177,31125651
41.061,0.2,0.7255,0.211,67.177,31125651
41.112,0.2,0.7255,0.2102,66.915,31126107
41.163,0.2,0.7255,0.2102,66.915,31126107
41.214,0.2,0.7255,0.213,67.794,31126565
41.265,0.2,0.7255,0.213,67.794,31126565
41.316,0.2,0.7255,0.2084,66.342,31127014
41.367,0.2,0.7255,0.2084,66.342,31127014
41.418,0.2,0.7255,0.2115,67.332,31127469
41.469,0.2,0.7255,0.2115,67.332,31127469
41.52,0.2,0.7255,0.2103,66.951,31127928
41.572,0.2,0.7255,0.2103,66.951,31127928
41.623,0.2,0.7255,0.1938,61.689,31128389
41.674,0.2,0.7255,0.1938,61.689,31128389
41.725,0.2,0.7255,0.2143,68.199,31128847
41.776,0.2,0.7255,0.2143,68.199,31128847
41.826,0.2,0.7255,0.2189,69.686,31129307
41.877,0.2,0.7255,0.2189,69.686,31129307
41.928,0.2,0.7255,0.2199,70.001,31129770
41.979,0.2,0.7255,0.2199,70.001,31129770
42.029,0.2,0.7255,0.2163,68.846,31130239
42.081,0.2,0.7255,0.2163,68.846,31130239
42.132,0.2,0.7255,0.2131,67.831,31130708
42.183,0.2,0.7255,0.2131,67.831,31130708
42.234,0.2,0.7255,0.2177,69.297,31131171
42.285,0.2,0.7255,0.2177,69.297,31131171
42.335,0.2,0.7255,0.2156,68.636,31131638
42.387,0.2,0.7255,0.2156,68.636,31131638
42.438,0.2,0.7255,0.2107,67.058,31132095
42.489,0.2,0.7255,0.2107,67.058,31132095
42.54,0.2,0.7255,0.2105,67.018,31132553
42.59,0.2,0.7255,0.2105,67.018,31132553
42.641,0.2,0.7255,0.2077,66.109,31133005
42.692,0.2,0.7255,0.2077,66.109,31133005
42.742,0.2,0.7255,0.2045,65.107,31133453
42.793,0.2,0.7255,0.2045,65.107,31133453
42.844,0.2,0.7255,0.2079,66.176,31133901
42.894,0.2,0.7255,0.2079,66.176,31133901
42.945,0.2,0.7255,0.2108,67.112,31134358
42.996,0.2,0.7255,0.208,66.221,31134812
43.047,0.2,0.7255,0.208,66.221,31134812
43.098,0.2,0.7255,0.2049,65.233,31135263
43.149,0.2,0.7255,0.2049,65.233,31135263
43.199,0.2,0.7255,0.2088,66.463,31135713
43.25,0.2,0.7255,0.2088,66.463,31135713
43.3,0.2,0.7255,0.2001,63.687,31136163
43.353,0.2,0.7255,0.2001,63.687,31136163
43.403,0.2,0.7255,0.2207,70.258,31136619
43.453,0.2,0.7255,0.2207,70.258,31136619
43.505,0.2,0.7255,0.1973,62.81,31137076
43.556,0.2,0.7255,0.1973,62.81,31137076
43.607,0.2,0.7255,0.2161,68.798,31137537
43.658,0.2,0.7255,0.2161,68.798,31137537
43.709,0.2,0.7255,0.2181,69.431,31138006
43.761,0.2,0.7255,0.2181,69.431,31138006
43.812,0.2,0.7255,0.213,67.802,31138469
43.862,0.2,0.7255,0.213,67.802,31138469
43.913,0.2,0.7255,0.2095,66.687,31138930
43.965,0.2,0.7255,0.2095,66.687,31138930
44.016,0.22,0.7748,0.2224,70.801,31139400
44.068,0.22,0.7748,0.2224,70.801,31139400
44.119,0.22,0.7748,0.2163,68.848,31139869
44.17,0.22,0.7748,0.2163,68.848,31139869
44.221,0.22,0.7748,0.2253,71.702,31140355
44.272,0.22,0.7748,0.2253,71.702,31140355
44.323,0.22,0.7748,0.2236,71.179,31140862
44.374,0.22,0.7748,0.2236,71.179,31140862
44.425,0.22,0.7748,0.2315,73.683,31141355
44.476,0.22,0.7748,0.2315,73.683,31141355
44.526,0.22,0.7748,0.2319,73.816,31141855
44.577,0.22,0.7748,0.2319,73.816,31141855
44.628,0.22,0.7748,0.2244,71.438,31142345
44.679,0.22,0.7748,0.2244,71.438,31142345
44.73,0.22,0.7748,0.2352,74.864,31142847
44.782,0.22,0.7748,0.2352,74.864,31142847
44.832,0.22,0.7748,0.233,74.158,31143349
44.884,0.22,0.7748,0.233,74.158,31143349
44.934,0.22,0.7748,0.2296,73.075,31143852
44.985,0.22,0.7748,0.2296,73.075,31143852
45.036,0.22,0.7748,0.231,73.545,31144350
45.087,0.22,0.7748,0.231,73.545,31144350
45.137,0.22,0.7748,0.2301,73.244,31144854
45.189,0.22,0.7748,0.2301,73.244,31144854
45.24,0.22,0.7748,0.2343,74.589,31145359
45.291,0.22,0.7748,0.2343,74.589,31145359
45.341,0.22,0.7748,0.2315,73.687,31145862
45.392,0.22,0.7748,0.2315,73.687,31145862
45.443,0.22,0.7748,0.2359,75.088,31146373
45.494,0.22,0.7748,0.2359,75.088,31146373
45.545,0.22,0.7748,0.2355,74.967,31146890
45.596,0.22,0.7748,0.2375,75.604,31147402
45.647,0.22,0.7748,0.2375,75.604,31147402
45.697,0.22,0.7748,0.2323,73.942,31147913
45.748,0.22,0.7748,0.2323,73.942,31147913
45.8,0.22,0.7748,0.2363,75.215,31148420
45.851,0.22,0.7748,0.2363,75.215,31148420
45.901,0.22,0.7748,0.2301,73.255,31148920
45.953,0.22,0.7748,0.2301,73.255,31148920
46.004,0.22,0.7748,0.2253,71.719,31149417
46.055,0.22,0.7748,0.2253,71.719,31149417
46.106,0.22,0.7748,0.2321,73.869,31149920
46.157,0.22,0.7748,0.2321,73.869,31149920
46.208,0.22,0.7748,0.2239,71.273,31150415
46.26,0.22,0.7748,0.2239,71.273,31150415
46.31,0.22,0.7748,0.2343,74.589,31150919
46.36,0.22,0.7748,0.2343,74.589,31150919
46.411,0.22,0.7748,0.2245,71.47,31151410
46.461,0.22,0.7748,0.2245,71.47,31151410
46.511,0.22,0.7748,0.235,74.807,31151913
46.562,0.22,0.7748,0.235,74.807,31151913
46.613,0.22,0.7748,0.222,70.674,31152406
46.665,0.22,0.7748,0.222,70.674,31152406
46.716,0.22,0.7748,0.2365,75.287,31152912
46.767,0.22,0.7748,0.2365,75.287,31152912
46.817,0.22,0.7748,0.219,69.716,31153413
46.869,0.22,0.7748,0.219,69.716,31153413
46.92,0.22,0.7748,0.2315,73.696,31153913
46.971,0.22,0.7748,0.2315,73.696,31153913
47.022,0.22,0.7748,0.2409,76.691,31154412
47.073,0.22,0.7748,0.2409,76.691,31154412
47.124,0.22,0.7748,0.2341,74.525,31154919
47.176,0.22,0.7748,0.2341,74.525,31154919
47.226,0.22,0.7748,0.2322,73.914,31155425
47.277,0.22,0.7748,0.2322,73.914,31155425
47.328,0.22,0.7748,0.2321,73.872,31155930
47.379,0.22,0.7748,0.2321,73.872,31155930
47.431,0.22,0.7748,0.2287,72.808,31156429
47.482,0.22,0.7748,0.2287,72.808,31156429
47.532,0.22,0.7748,0.2255,71.793,31156923
47.584,0.22,0.7748,0.2255,71.793,31156923
47.634,0.22,0.7748,0.2362,75.198,31157422
47.685,0.22,0.7748,0.2362,75.198,31157422
47.737,0.22,0.7748,0.2253,71.716,31157912
47.788,0.22,0.7748,0.2253,71.716,31157912
47.839,0.22,0.7748,0.228,72.589,31158412
47.89,0.22,0.7748,0.228,72.589,31158412
47.941,0.22,0.7748,0.2306,73.39,31158912
47.993,0.22,0.7748,0.2306,73.39,31158912
48.044,0.24,0.8242,0.2259,71.914,31159402
48.095,0.24,0.8242,0.2259,71.914,31159402
48.146,0.24,0.8242,0.2273,72.354,31159897
48.198,0.24,0.8242,0.2308,73.452,31160401
48.248,0.24,0.8242,0.2308,73.452,31160401
48.299,0.24,0.8242,0.237,75.436,31160922
48.351,0.24,0.8242,0.237,75.436,31160922
48.402,0.24,0.8242,0.2477,78.847,31161464
48.453,0.24,0.8242,0.2477,78.847,31161464
48.504,0.24,0.8242,0.2556,81.358,31162014
48.555,0.24,0.8242,0.2556,81.358,31162014
48.606,0.24,0.8242,0.2505,79.721,31162555
48.657,0.24,0.8242,0.2505,79.721,31162555
48.708,0.24,0.8242,0.259,82.451,31163111
48.759,0.24,0.8242,0.259,82.451,31163111
48.81,0.24,0.8242,0.2556,81.367,31163667
48.861,0.24,0.8242,0.2556,81.367,31163667
48.912,0.24,0.8242,0.2459,78.258,31164228
48.963,0.24,0.8242,0.2459,78.258,31164228
49.013,0.24,0.8242,0.2533,80.618,31164775
49.064,0.24,0.8242,0.2533,80.618,31164775
49.115,0.24,0.8242,0.2687,85.519,31165328
49.166,0.24,0.8242,0.2687,85.519,31165328
49.217,0.24,0.8242,0.2354,74.936,31165861
49.268,0.24,0.8242,0.2354,74.936,31165861
49.319,0.24,0.8242,0.2424,77.156,31166388
49.37,0.24,0.8242,0.2424,77.156,31166388
49.421,0.24,0.8242,0.2493,79.368,31166927
49.472,0.24,0.8242,0.2493,79.368,31166927
49.523,0.24,0.8242,0.2581,82.172,31167480
49.574,0.24,0.8242,0.2581,82.172,31167480
49.624,0.24,0.8242,0.2504,79.697,31168016
49.676,0.24,0.8242,0.2504,79.697,31168016
49.727,0.24,0.8242,0.2558,81.415,31168574
49.778,0.24,0.8242,0.2558,81.415,31168574
49.829,0.24,0.8242,0.2512,79.944,31169115
49.881,0.24,0.8242,0.2512,79.944,31169115
49.931,0.24,0.8242,0.2299,73.188,31169645
49.982,0.24,0.8242,0.2299,73.188,31169645
50.034,0.24,0.8242,0.248,78.932,31170187
50.085,0.24,0.8242,0.248,78.932,31170187
50.136,0.24,0.8242,0.2678,85.242,31170730
50.187,0.24,0.8242,0.2678,85.242,31170730
50.238,0.24,0.8242,0.2463,78.414,31171266
50.29,0.24,0.8242,0.2463,78.414,31171266
50.34,0.24,0.8242,0.2328,74.106,31171772
50.391,0.24,0.8242,0.2328,74.106,31171772
50.443,0.24,0.8242,0.2325,74.017,31172281
50.494,0.24,0.8242,0.2325,74.017,31172281
50.545,0.24,0.8242,0.2326,74.032,31172787
50.596,0.24,0.8242,0.2326,74.032,31172787
50.647,0.24,0.8242,0.2305,73.357,31173285
50.698,0.24,0.8242,0.2291,72.924,31173782
50.748,0.24,0.8242,0.2291,72.924,31173782
50.799,0.24,0.8242,0.2318,73.777,31174300
50.85,0.24,0.8242,0.2318,73.777,31174300
50.901,0.24,0.8242,0.2352,74.876,31174817
50.951,0.24,0.8242,0.2352,74.876,31174817
51.003,0.24,0.8242,0.241,76.721,31175336
51.054,0.24,0.8242,0.241,76.721,31175336
51.104,0.24,0.8242,0.2369,75.406,31175852
51.155,0.24,0.8242,0.2369,75.406,31175852
51.206,0.24,0.8242,0.2457,78.222,31176380
51.257,0.24,0.8242,0.2457,78.222,31176380
51.308,0.24,0.8242,0.2496,79.46,31176918
51.359,0.24,0.8242,0.2496,79.46,31176918
51.409,0.24,0.8242,0.2532,80.591,31177464
51.461,0.24,0.8242,0.2532,80.591,31177464
51.512,0.24,0.8242,0.2497,79.467,31178002
51.563,0.24,0.8242,0.2497,79.467,31178002
51.614,0.24,0.8242,0.2301,73.238,31178549
51.665,0.24,0.8242,0.2301,73.238,31178549
51.717,0.24,0.8242,0.2547,81.071,31179097
51.767,0.24,0.8242,0.2547,81.071,31179097
51.818,0.24,0.8242,0.2571,81.834,31179656
51.87,0.24,0.8242,0.2571,81.834,31179656
51.92,0.24,0.8242,0.2608,83.007,31180210
51.971,0.24,0.8242,0.2608,83.007,31180210
52.022,0.26,0.8736,0.2563,81.592,31180768
52.073,0.26,0.8736,0.2563,81.592,31180768
52.124,0.26,0.8736,0.2594,82.556,31181315
52.175,0.26,0.8736,0.2594,82.556,31181315
52.226,0.26,0.8736,0.2499,79.542,31181862
52.276,0.26,0.8736,0.2499,79.542,31181862
52.327,0.26,0.8736,0.2743,87.323,31182445
52.38,0.26,0.8736,0.2743,87.323,31182445
52.431,0.26,0.8736,0.2747,87.429,31183030
52.481,0.26,0.8736,0.2747,87.429,31183030
52.532,0.26,0.8736,0.2473,78.714,31183614
52.583,0.26,0.8736,0.2473,78.714,31183614
52.634,0.26,0.8736,0.2621,83.418,31184183
52.685,0.26,0.8736,0.2621,83.418,31184183
52.736,0.26,0.8736,0.2942,93.631,31184767
52.787,0.26,0.8736,0.2942,93.631,31184767
52.838,0.26,0.8736,0.2701,85.991,31185354
52.889,0.26,0.8736,0.2701,85.991,31185354
52.939,0.26,0.8736,0.2663,84.751,31185932
52.99,0.26,0.8736,0.2663,84.751,31185932
53.041,0.26,0.8736,0.2628,83.65,31186510
53.092,0.26,0.8736,0.2628,83.65,31186510
53.143,0.26,0.8736,0.2733,86.982,31187102
53.194,0.26,0.8736,0.2733,86.982,31187102
53.245,0.26,0.8736,0.2753,87.645,31187704
53.297,0.26,0.8736,0.2785,88.662,31188302
53.348,0.26,0.8736,0.2785,88.662,31188302
53.398,0.26,0.8736,0.2738,87.138,31188899
53.449,0.26,0.8736,0.2738,87.138,31188899
53.5,0.26,0.8736,0.2642,84.082,31189484
53.551,0.26,0.8736,0.2642,84.082,31189484
53.602,0.26,0.8736,0.2707,86.152,31190058
53.653,0.26,0.8736,0.2707,86.152,31190058
53.704,0.26,0.8736,0.2464,78.442,31190634
53.755,0.26,0.8736,0.2464,78.442,31190634
53.806,0.26,0.8736,0.2719,86.551,31191230
53.858,0.26,0.8736,0.2719,86.551,31191230
53.909,0.26,0.8736,0.2812,89.494,31191833
53.96,0.26,0.8736,0.2812,89.494,31191833
54.011,0.26,0.8736,0.2799,89.094,31192437
54.062,0.26,0.8736,0.2799,89.094,31192437
54.113,0.26,0.8736,0.2836,90.276,31193040
54.164,0.26,0.8736,0.2836,90.276,31193040
54.215,0.26,0.8736,0.2837,90.294,31193638
54.266,0.26,0.8736,0.2837,90.294,31193638
54.317,0.26,0.8736,0.2749,87.518,31194233
54.368,0.26,0.8736,0.2749,87.518,31194233
54.419,0.26,0.8736,0.2778,88.427,31194837
54.471,0.26,0.8736,0.2778,88.427,31194837
54.522,0.26,0.8736,0.2792,88.883,31195443
54.572,0.26,0.8736,0.2792,88.883,31195443
54.623,0.26,0.8736,0.2733,87.007,31196050
54.674,0.26,0.8736,0.2733,87.007,31196050
54.725,0.26,0.8736,0.2842,90.457,31196649
54.776,0.26,0.8736,0.2842,90.457,31196649
54.827,0.26,0.8736,0.2724,86.695,31197245
54.878,0.26,0.8736,0.2724,86.695,31197245
54.929,0.26,0.8736,0.2539,80.812,31197837
54.979,0.26,0.8736,0.2539,80.812,31197837
55.031,0.26,0.8736,0.268,85.303,31198407
55.082,0.26,0.8736,0.268,85.303,31198407
55.133,0.26,0.8736,0.2516,80.073,31198961
55.183,0.26,0.8736,0.2516,80.073,31198961
55.233,0.26,0.8736,0.2463,78.385,31199501
55.284,0.26,0.8736,0.2463,78.385,31199501
55.335,0.26,0.8736,0.2724,86.72,31200043
55.386,0.26,0.8736,0.2724,86.72,31200043
55.437,0.26,0.8736,0.2442,77.736,31200579
55.488,0.26,0.8736,0.2442,77.736,31200579
55.539,0.26,0.8736,0.248,78.953,31201116
55.59,0.26,0.8736,0.248,78.953,31201116
55.641,0.26,0.8736,0.2575,81.981,31201673
55.692,0.26,0.8736,0.2575,81.981,31201673
55.743,0.26,0.8736,0.2448,77.921,31202212
55.793,0.26,0.8736,0.2448,77.921,31202212
55.845,0.26,0.8736,0.2658,84.616,31202784
55.895,0.26,0.8736,0.2658,84.616,31202784
55.947,0.26,0.8736,0.2702,86.008,31203372
55.998,0.26,0.8736,0.2708,86.206,31203968
56.049,0.28,0.9229,0.2708,86.206,31203968
56.099,0.28,0.9229,0.2711,86.298,31204563
56.149,0.28,0.9229,0.2711,86.298,31204563
56.2,0.28,0.9229,0.2928,93.196,31205188
56.251,0.28,0.9229,0.2928,93.196,31205188
56.301,0.28,0.9229,0.2944,93.718,31205822
56.352,0.28,0.9229,0.2944,93.718,31205822
56.402,0.28,0.9229,0.2798,89.056,31206453
56.455,0.28,0.9229,0.2798,89.056,31206453
56.506,0.28,0.9229,0.2912,92.694,31207077
56.557,0.28,0.9229,0.2912,92.694,31207077
56.607,0.28,0.9229,0.2937,93.498,31207700
56.658,0.28,0.9229,0.2937,93.498,31207700
56.71,0.28,0.9229,0.2654,84.489,31208328
56.761,0.28,0.9229,0.2654,84.489,31208328
56.812,0.28,0.9229,0.3158,100.517,31208960
56.863,0.28,0.9229,0.3158,100.517,31208960
56.914,0.28,0.9229,0.2845,90.555,31209592
56.964,0.28,0.9229,0.2845,90.555,31209592
57.015,0.28,0.9229,0.2812,89.499,31210212
57.066,0.28,0.9229,0.2812,89.499,31210212
57.117,0.28,0.9229,0.2886,91.854,31210826
57.168,0.28,0.9229,0.2886,91.854,31210826
57.218,0.28,0.9229,0.2697,85.833,31211442
57.27,0.28,0.9229,0.2697,85.833,31211442
57.321,0.28,0.9229,0.2915,92.773,31212075
57.372,0.28,0.9229,0.2915,92.773,31212075
57.423,0.28,0.9229,0.3019,96.085,31212721
57.473,0.28,0.9229,0.3019,96.085,31212721
57.524,0.28,0.9229,0.2909,92.59,31213363
57.575,0.28,0.9229,0.2909,92.59,31213363
57.626,0.28,0.9229,0.2961,94.262,31213992
57.676,0.28,0.9229,0.2961,94.262,31213992
57.727,0.28,0.9229,0.2914,92.752,31214609
57.777,0.28,0.9229,0.2914,92.752,31214609
57.829,0.28,0.9229,0.2844,90.522,31215227
57.88,0.28,0.9229,0.2844,90.522,31215227
57.931,0.28,0.9229,0.2858,90.979,31215848
57.983,0.28,0.9229,0.2858,90.979,31215848
58.034,0.28,0.9229,0.2955,94.072,31216478
58.084,0.28,0.9229,0.2955,94.072,31216478
58.135,0.28,0.9229,0.2923,93.042,31217106
58.187,0.28,0.9229,0.2923,93.042,31217106
58.237,0.28,0.9229,0.2918,92.886,31217741
58.288,0.28,0.9229,0.2918,92.886,31217741
58.34,0.28,0.9229,0.2831,90.1,31218356
58.39,0.28,0.9229,0.2831,90.1,31218356
58.441,0.28,0.9229,0.2884,91.798,31218981
58.492,0.28,0.9229,0.2884,91.798,31218981
58.542,0.28,0.9229,0.2794,88.935,31219595
58.594,0.28,0.9229,0.2794,88.935,31219595
58.645,0.28,0.9229,0.2842,90.477,31220208
58.695,0.28,0.9229,0.2842,90.477,31220208
58.747,0.28,0.9229,0.285,90.705,31220829
58.798,0.28,0.9229,0.281,89.442,31221449
58.849,0.28,0.9229,0.281,89.442,31221449
58.899,0.28,0.9229,0.2784,88.629,31222057
58.949,0.28,0.9229,0.2784,88.629,31222057
59.001,0.28,0.9229,0.286,91.021,31222673
59.051,0.28,0.9229,0.286,91.021,31222673
59.102,0.28,0.9229,0.2925,93.113,31223299
59.154,0.28,0.9229,0.2925,93.113,31223299
59.206,0.28,0.9229,0.2626,83.581,31223920
59.256,0.28,0.9229,0.2626,83.581,31223920
59.307,0.28,0.9229,0.2911,92.673,31224545
59.357,0.28,0.9229,0.2911,92.673,31224545
59.408,0.28,0.9229,0.3036,96.637,31225175
59.459,0.28,0.9229,0.3036,96.637,31225175
59.509,0.28,0.9229,0.3004,95.605,31225807
59.56,0.28,0.9229,0.3004,95.605,31225807
59.611,0.28,0.9229,0.2786,88.684,31226433
59.662,0.28,0.9229,0.2786,88.684,31226433
59.713,0.28,0.9229,0.2938,93.528,31227058
59.765,0.28,0.9229,0.2938,93.528,31227058
59.815,0.28,0.9229,0.2943,93.681,31227692
59.867,0.28,0.9229,0.2943,93.681,31227692
59.918,0.28,0.9229,0.2905,92.46,31228338
59.969,0.28,0.9229,0.2905,92.46,31228338
60.02,0.3,0.9723,0.2957,94.125,31228983
60.072,0.3,0.9723,0.2957,94.125,31228983
60.123,0.3,0.9723,0.3074,97.863,31229642
60.174,0.3,0.9723,0.3074,97.863,31229642
60.225,0.3,0.9723,0.3041,96.801,31230309
60.276,0.3,0.9723,0.3041,96.801,31230309
60.327,0.3,0.9723,0.3188,101.475,31230983
60.379,0.3,0.9723,0.3188,101.475,31230983
60.429,0.3,0.9723,0.3074,97.854,31231649
60.48,0.3,0.9723,0.3074,97.854,31231649
60.531,0.3,0.9723,0.2973,94.639,31232306
60.582,0.3,0.9723,0.2973,94.639,31232306
60.632,0.3,0.9723,0.3126,99.505,31232978
60.683,0.3,0.9723,0.3126,99.505,31232978
60.733,0.3,0.9723,0.3123,99.406,31233656
60.784,0.3,0.9723,0.3123,99.406,31233656
60.836,0.3,0.9723,0.3082,98.115,31234326
60.888,0.3,0.9723,0.3082,98.115,31234326
60.938,0.3,0.9723,0.3047,96.999,31234991
60.991,0.3,0.9723,0.3047,96.999,31234991
61.042,0.3,0.9723,0.3104,98.801,31235667
61.093,0.3,0.9723,0.3104,98.801,31235667
61.144,0.3,0.9723,0.3173,100.996,31236351
61.195,0.3,0.9723,0.3173,100.996,31236351
61.246,0.3,0.9723,0.3124,99.449,31237040
61.297,0.3,0.9723,0.3197,101.763,31237727
61.348,0.3,0.9723,0.3197,101.763,31237727
61.399,0.3,0.9723,0.308,98.042,31238408
61.45,0.3,0.9723,0.308,98.042,31238408
61.501,0.3,0.9723,0.2982,94.914,31239070
61.552,0.3,0.9723,0.2982,94.914,31239070
61.603,0.3,0.9723,0.3032,96.509,31239733
61.653,0.3,0.9723,0.3032,96.509,31239733
61.704,0.3,0.9723,0.3112,99.068,31240396
61.755,0.3,0.9723,0.3112,99.068,31240396
61.806,0.3,0.9723,0.3126,99.49,31241055
61.857,0.3,0.9723,0.3126,99.49,31241055
61.908,0.3,0.9723,0.2712,86.334,31241686
61.958,0.3,0.9723,0.2712,86.334,31241686
62.009,0.3,0.9723,0.3301,105.09,31242359
62.06,0.3,0.9723,0.3301,105.09,31242359
62.111,0.3,0.9723,0.2849,90.672,31243034
62.162,0.3,0.9723,0.2849,90.672,31243034
62.213,0.3,0.9723,0.3191,101.581,31243708
62.264,0.3,0.9723,0.3191,101.581,31243708
62.314,0.3,0.9723,0.327,104.083,31244386
62.366,0.3,0.9723,0.327,104.083,31244386
62.416,0.3,0.9723,0.3158,100.516,31245069
62.467,0.3,0.9723,0.3158,100.516,31245069
62.518,0.3,0.9723,0.3074,97.856,31245761
62.569,0.3,0.9723,0.3074,97.856,31245761
62.619,0.3,0.9723,0.3363,107.053,31246450
62.67,0.3,0.9723,0.3363,107.053,31246450
62.721,0.3,0.9723,0.305,97.081,31247120
62.772,0.3,0.9723,0.305,97.081,31247120
62.822,0.3,0.9723,0.2863,91.117,31247778
62.873,0.3,0.9723,0.2863,91.117,31247778
62.926,0.3,0.9723,0.3105,98.831,31248441
62.976,0.3,0.9723,0.3105,98.831,31248441
63.027,0.3,0.9723,0.3118,99.24,31249091
63.078,0.3,0.9723,0.3118,99.24,31249091
63.129,0.3,0.9723,0.309,98.358,31249755
63.18,0.3,0.9723,0.309,98.358,31249755
63.231,0.3,0.9723,0.2762,87.907,31250413
63.283,0.3,0.9723,0.2762,87.907,31250413
63.334,0.3,0.9723,0.3025,96.304,31251049
63.385,0.3,0.9723,0.3025,96.304,31251049
63.436,0.3,0.9723,0.3026,96.31,31251669
63.487,0.3,0.9723,0.3026,96.31,31251669
63.537,0.3,0.9723,0.3031,96.469,31252329
63.589,0.3,0.9723,0.3031,96.469,31252329
63.64,0.3,0.9723,0.2859,90.996,31252956
63.691,0.3,0.9723,0.2859,90.996,31252956
63.742,0.3,0.9723,0.2933,93.36,31253588
63.793,0.3,0.9723,0.2933,93.36,31253588
63.844,0.3,0.9723,0.2946,93.765,31254224
63.895,0.3,0.9723,0.2946,93.765,31254224
63.946,0.3,0.9723,0.2938,93.509,31254860
63.997,0.3,0.9723,0.2938,93.509,31254860
64.048,0.32,1.0216,0.2836,90.261,31255487
64.099,0.32,1.0216,0.2821,89.802,31256104
64.149,0.32,1.0216,0.2821,89.802,31256104
64.2,0.32,1.0216,0.2884,91.796,31256739
64.251,0.32,1.0216,0.2884,91.796,31256739
64.301,0.32,1.0216,0.3016,95.995,31257400
64.352,0.32,1.0216,0.3016,95.995,31257400
64.404,0.32,1.0216,0.3196,101.728,31258086
64.455,0.32,1.0216,0.3196,101.728,31258086
64.506,0.32,1.0216,0.3075,97.876,31258751
64.557,0.32,1.0216,0.3075,97.876,31258751
64.608,0.32,1.0216,0.3136,99.811,31259431
64.659,0.32,1.0216,0.3136,99.811,31259431
64.709,0.32,1.0216,0.3312,105.435,31260137
64.76,0.32,1.0216,0.3312,105.435,31260137
64.811,0.32,1.0216,0.3217,102.403,31260836
64.862,0.32,1.0216,0.3217,102.403,31260836
64.913,0.32,1.0216,0.345,109.827,31261586
64.964,0.32,1.0216,0.345,109.827,31261586
65.015,0.32,1.0216,0.3275,104.255,31262323
65.066,0.32,1.0216,0.3275,104.255,31262323
65.117,0.32,1.0216,0.3371,107.31,31263041
65.167,0.32,1.0216,0.3371,107.31,31263041
65.218,0.32,1.0216,0.3348,106.559,31263758
65.269,0.32,1.0216,0.3348,106.559,31263758
65.32,0.32,1.0216,0.3262,103.846,31264472
65.37,0.32,1.0216,0.3262,103.846,31264472
65.422,0.32,1.0216,0.3244,103.268,31265174
65.472,0.32,1.0216,0.3244,103.268,31265174
65.523,0.32,1.0216,0.313,99.629,31265882
65.573,0.32,1.0216,0.313,99.629,31265882
65.625,0.32,1.0216,0.334,106.324,31266599
65.676,0.32,1.0216,0.334,106.324,31266599
65.727,0.32,1.0216,0.3331,106.025,31267311
65.778,0.32,1.0216,0.3331,106.025,31267311
65.829,0.32,1.0216,0.3339,106.28,31268026
65.879,0.32,1.0216,0.3339,106.28,31268026
65.931,0.32,1.0216,0.3183,101.315,31268746
65.982,0.32,1.0216,0.3183,101.315,31268746
66.032,0.32,1.0216,0.3384,107.715,31269473
66.084,0.32,1.0216,0.3384,107.715,31269473
66.134,0.32,1.0216,0.3428,109.106,31270202
66.185,0.32,1.0216,0.3428,109.106,31270202
66.236,0.32,1.0216,0.3369,107.244,31270926
66.287,0.32,1.0216,0.3369,107.244,31270926
66.338,0.32,1.0216,0.3365,107.099,31271652
66.389,0.32,1.0216,0.3365,107.099,31271652
66.44,0.32,1.0216,0.3262,103.845,31272359
66.49,0.32,1.0216,0.3262,103.845,31272359
66.541,0.32,1.0216,0.3225,102.645,31273066
66.592,0.32,1.0216,0.3225,102.645,31273066
66.643,0.32,1.0216,0.3221,102.542,31273773
66.695,0.32,1.0216,0.3221,102.542,31273773
66.745,0.32,1.0216,0.3295,104.891,31274484
66.796,0.32,1.0216,0.3295,104.891,31274484
66.846,0.32,1.0216,0.3304,105.158,31275200
66.898,0.32,1.0216,0.3286,104.609,31275917
66.95,0.32,1.0216,0.3286,104.609,31275917
67.0,0.32,1.0216,0.3245,103.291,31276623
67.051,0.32,1.0216,0.3245,103.291,31276623
67.102,0.32,1.0216,0.3328,105.931,31277339
67.153,0.32,1.0216,0.3328,105.931,31277339
67.204,0.32,1.0216,0.3311,105.378,31278072
67.255,0.32,1.0216,0.3311,105.378,31278072
67.305,0.32,1.0216,0.339,107.921,31278808
67.356,0.32,1.0216,0.339,107.921,31278808
67.408,0.32,1.0216,0.3347,106.552,31279521
67.459,0.32,1.0216,0.3347,106.552,31279521
67.51,0.32,1.0216,0.3084,98.169,31280234
67.56,0.32,1.0216,0.3084,98.169,31280234
67.611,0.32,1.0216,0.3123,99.403,31280919
67.662,0.32,1.0216,0.3123,99.403,31280919
67.713,0.32,1.0216,0.3295,104.875,31281628
67.764,0.32,1.0216,0.3295,104.875,31281628
67.815,0.32,1.0216,0.334,106.312,31282346
67.865,0.32,1.0216,0.334,106.312,31282346
67.916,0.32,1.0216,0.3356,106.833,31283059
67.968,0.32,1.0216,0.3356,106.833,31283059
68.019,0.34,1.071,0.3302,105.098,31283762
68.07,0.34,1.071,0.3302,105.098,31283762
68.121,0.34,1.071,0.325,103.45,31284480
68.172,0.34,1.071,0.325,103.45,31284480
68.222,0.34,1.071,0.3456,110.014,31285221
68.273,0.34,1.071,0.3456,110.014,31285221
68.324,0.34,1.071,0.3558,113.247,31285989
68.374,0.34,1.071,0.3558,113.247,31285989
68.425,0.34,1.071,0.3574,113.751,31286765
68.476,0.34,1.071,0.3574,113.751,31286765
68.527,0.34,1.071,0.3431,109.224,31287539
68.577,0.34,1.071,0.3431,109.224,31287539
68.628,0.34,1.071,0.3562,113.382,31288290
68.679,0.34,1.071,0.3562,113.382,31288290
68.73,0.34,1.071,0.3232,102.887,31289038
68.781,0.34,1.071,0.3232,102.887,31289038
68.831,0.34,1.071,0.3443,109.609,31289774
68.882,0.34,1.071,0.3443,109.609,31289774
68.933,0.34,1.071,0.3474,110.582,31290518
68.984,0.34,1.071,0.3474,110.582,31290518
69.035,0.34,1.071,0.347,110.453,31291260
69.086,0.34,1.071,0.347,110.453,31291260
69.137,0.34,1.071,0.3527,112.271,31292006
69.188,0.34,1.071,0.3527,112.271,31292006
69.239,0.34,1.071,0.3361,106.982,31292738
69.29,0.34,1.071,0.3361,106.982,31292738
69.34,0.34,1.071,0.3378,107.533,31293466
69.392,0.34,1.071,0.3378,107.533,31293466
69.443,0.34,1.071,0.344,109.508,31294218
69.494,0.34,1.071,0.344,109.508,31294218
69.545,0.34,1.071,0.3396,108.101,31294957
69.595,0.34,1.071,0.3396,108.101,31294957
69.646,0.34,1.071,0.3263,103.859,31295666
69.696,0.34,1.071,0.3263,103.859,31295666
69.748,0.34,1.071,0.3214,102.314,31296371
69.799,0.34,1.071,0.3263,103.861,31297081
69.849,0.34,1.071,0.3263,103.861,31297081
69.901,0.34,1.071,0.3299,105.02,31297795
69.952,0.34,1.071,0.3299,105.02,31297795
70.003,0.34,1.071,0.3342,106.384,31298517
70.054,0.34,1.071,0.3342,106.384,31298517
70.105,0.34,1.071,0.3324,105.799,31299239
70.157,0.34,1.071,0.3324,105.799,31299239
70.207,0.34,1.071,0.32,101.867,31299956
70.257,0.34,1.071,0.32,101.867,31299956
70.308,0.34,1.071,0.3394,108.02,31300671
70.359,0.34,1.071,0.3394,108.02,31300671
70.41,0.34,1.071,0.3517,111.938,31301461
70.462,0.34,1.071,0.3517,111.938,31301461
70.513,0.34,1.071,0.3612,114.973,31302239
70.564,0.34,1.071,0.3612,114.973,31302239
70.615,0.34,1.071,0.3408,108.491,31303006
70.667,0.34,1.071,0.3408,108.491,31303006
70.717,0.34,1.071,0.3616,115.091,31303776
70.768,0.34,1.071,0.3616,115.091,31303776
70.818,0.34,1.071,0.3639,115.824,31304536
70.869,0.34,1.071,0.3639,115.824,31304536
70.921,0.34,1.071,0.3456,110.003,31305289
70.972,0.34,1.071,0.3456,110.003,31305289
71.023,0.34,1.071,0.3454,109.935,31306037
71.074,0.34,1.071,0.3454,109.935,31306037
71.127,0.34,1.071,0.333,105.987,31306790
71.177,0.34,1.071,0.333,105.987,31306790
71.227,0.34,1.071,0.3587,114.17,31307546
71.279,0.34,1.071,0.3587,114.17,31307546
71.33,0.34,1.071,0.3308,105.304,31308290
71.381,0.34,1.071,0.3308,105.304,31308290
71.432,0.34,1.071,0.3505,111.556,31309048
71.483,0.34,1.071,0.3505,111.556,31309048
71.534,0.34,1.071,0.3564,113.45,31309810
71.585,0.34,1.071,0.3564,113.45,31309810
71.636,0.34,1.071,0.3511,111.759,31310565
71.686,0.34,1.071,0.3511,111.759,31310565
71.737,0.34,1.071,0.3753,119.454,31311360
71.788,0.34,1.071,0.3753,119.454,31311360
71.839,0.34,1.071,0.3531,112.388,31312142
71.89,0.34,1.071,0.3531,112.388,31312142
71.94,0.34,1.071,0.352,112.032,31312898
71.992,0.34,1.071,0.352,112.032,31312898
72.043,0.36,1.1203,0.3442,109.554,31313647
72.093,0.36,1.1203,0.3442,109.554,31313647
72.144,0.36,1.1203,0.3491,111.122,31314405
72.196,0.36,1.1203,0.3491,111.122,31314405
72.247,0.36,1.1203,0.3599,114.572,31315186
72.298,0.36,1.1203,0.3593,114.375,31315972
72.349,0.36,1.1203,0.3593,114.375,31315972
72.4,0.36,1.1203,0.359,114.261,31316766
72.45,0.36,1.1203,0.359,114.261,31316766
72.501,0.36,1.1203,0.3616,115.098,31317561
72.551,0.36,1.1203,0.3616,115.098,31317561
72.602,0.36,1.1203,0.3684,117.271,31318371
72.653,0.36,1.1203,0.3684,117.271,31318371
72.704,0.36,1.1203,0.379,120.646,31319187
72.754,0.36,1.1203,0.379,120.646,31319187
72.805,0.36,1.1203,0.3848,122.481,31319989
72.856,0.36,1.1203,0.3848,122.481,31319989
72.907,0.36,1.1203,0.3385,107.74,31320774
72.958,0.36,1.1203,0.3385,107.74,31320774
73.009,0.36,1.1203,0.3665,116.645,31321569
73.06,0.36,1.1203,0.3665,116.645,31321569
73.11,0.36,1.1203,0.3705,117.944,31322358
73.162,0.36,1.1203,0.3705,117.944,31322358
73.213,0.36,1.1203,0.3783,120.418,31323151
73.264,0.36,1.1203,0.3783,120.418,31323151
73.315,0.36,1.1203,0.3627,115.452,31323939
73.366,0.36,1.1203,0.3627,115.452,31323939
73.417,0.36,1.1203,0.3696,117.639,31324736
73.468,0.36,1.1203,0.3696,117.639,31324736
73.518,0.36,1.1203,0.3329,105.971,31325524
73.569,0.36,1.1203,0.3329,105.971,31325524
73.62,0.36,1.1203,0.3699,117.735,31326310
73.671,0.36,1.1203,0.3699,117.735,31326310
73.722,0.36,1.1203,0.3864,122.998,31327122
73.772,0.36,1.1203,0.3864,122.998,31327122
73.823,0.36,1.1203,0.372,118.396,31327933
73.874,0.36,1.1203,0.372,118.396,31327933
73.925,0.36,1.1203,0.3709,118.049,31328738
73.975,0.36,1.1203,0.3709,118.049,31328738
74.026,0.36,1.1203,0.372,118.397,31329535
74.077,0.36,1.1203,0.372,118.397,31329535
74.128,0.36,1.1203,0.3692,117.525,31330320
74.179,0.36,1.1203,0.3692,117.525,31330320
74.23,0.36,1.1203,0.3627,115.461,31331104
74.281,0.36,1.1203,0.3627,115.461,31331104
74.332,0.36,1.1203,0.3671,116.852,31331911
74.382,0.36,1.1203,0.3671,116.852,31331911
74.433,0.36,1.1203,0.3693,117.538,31332709
74.484,0.36,1.1203,0.3693,117.538,31332709
74.535,0.36,1.1203,0.3405,108.396,31333496
74.587,0.36,1.1203,0.3405,108.396,31333496
74.637,0.36,1.1203,0.382,121.599,31334280
74.688,0.36,1.1203,0.382,121.599,31334280
74.739,0.36,1.1203,0.3755,119.524,31335097
74.79,0.36,1.1203,0.3755,119.524,31335097
74.842,0.36,1.1203,0.3787,120.546,31335919
74.892,0.36,1.1203,0.3787,120.546,31335919
74.943,0.36,1.1203,0.3739,119.003,31336731
74.995,0.36,1.1203,0.3739,119.003,31336731
75.045,0.36,1.1203,0.367,116.827,31337526
75.096,0.36,1.1203,0.367,116.827,31337526
75.148,0.36,1.1203,0.3558,113.25,31338313
75.198,0.36,1.1203,0.3722,118.487,31339110
75.25,0.36,1.1203,0.3722,118.487,31339110
75.301,0.36,1.1203,0.3572,113.706,31339898
75.352,0.36,1.1203,0.3572,113.706,31339898
75.403,0.36,1.1203,0.3574,113.759,31340668
75.453,0.36,1.1203,0.3574,113.759,31340668
75.505,0.36,1.1203,0.3721,118.43,31341460
75.556,0.36,1.1203,0.3721,118.43,31341460
75.607,0.36,1.1203,0.3602,114.654,31342259
75.657,0.36,1.1203,0.3602,114.654,31342259
75.708,0.36,1.1203,0.3744,119.169,31343067
75.759,0.36,1.1203,0.3744,119.169,31343067
75.809,0.36,1.1203,0.3747,119.286,31343874
75.86,0.36,1.1203,0.3747,119.286,31343874
75.911,0.36,1.1203,0.3449,109.789,31344686
75.962,0.36,1.1203,0.3449,109.789,31344686
76.013,0.38,1.1697,0.373,118.714,31345481
76.064,0.38,1.1697,0.373,118.714,31345481
76.116,0.38,1.1697,0.3587,114.18,31346262
76.166,0.38,1.1697,0.3587,114.18,31346262
76.217,0.38,1.1697,0.3794,120.752,31347062
76.268,0.38,1.1697,0.3794,120.752,31347062
76.319,0.38,1.1697,0.3711,118.119,31347878
76.37,0.38,1.1697,0.3711,118.119,31347878
76.421,0.38,1.1697,0.3885,123.651,31348701
76.472,0.38,1.1697,0.3885,123.651,31348701
76.523,0.38,1.1697,0.3834,122.034,31349518
76.575,0.38,1.1697,0.3834,122.034,31349518
76.626,0.38,1.1697,0.3658,116.447,31350307
76.677,0.38,1.1697,0.3658,116.447,31350307
76.728,0.38,1.1697,0.3685,117.308,31351111
76.779,0.38,1.1697,0.3685,117.308,31351111
76.831,0.38,1.1697,0.35,111.395,31351938
76.882,0.38,1.1697,0.35,111.395,31351938
76.932,0.38,1.1697,0.3674,116.935,31352740
76.983,0.38,1.1697,0.3674,116.935,31352740
77.033,0.38,1.1697,0.3582,114.005,31353521
77.085,0.38,1.1697,0.3582,114.005,31353521
77.135,0.38,1.1697,0.3517,111.943,31354284
77.187,0.38,1.1697,0.3517,111.943,31354284
77.238,0.38,1.1697,0.3876,123.366,31355050
77.289,0.38,1.1697,0.3876,123.366,31355050
77.34,0.38,1.1697,0.3492,111.161,31355805
77.391,0.38,1.1697,0.3492,111.161,31355805
77.442,0.38,1.1697,0.3506,111.585,31356574
77.492,0.38,1.1697,0.3506,111.585,31356574
77.543,0.38,1.1697,0.3622,115.302,31357362
77.594,0.38,1.1697,0.3622,115.302,31357362
77.645,0.38,1.1697,0.3833,122.016,31358186
77.696,0.38,1.1697,0.3833,122.016,31358186
77.747,0.38,1.1697,0.387,123.193,31359027
77.798,0.38,1.1697,0.3925,124.944,31359881
77.849,0.38,1.1697,0.3925,124.944,31359881
77.9,0.38,1.1697,0.3893,123.91,31360746
77.95,0.38,1.1697,0.3893,123.91,31360746
78.001,0.38,1.1697,0.3912,124.53,31361607
78.052,0.38,1.1697,0.3912,124.53,31361607
78.103,0.38,1.1697,0.3842,122.302,31362447
78.153,0.38,1.1697,0.3842,122.302,31362447
78.204,0.38,1.1697,0.3849,122.528,31363268
78.255,0.38,1.1697,0.3849,122.528,31363268
78.306,0.38,1.1697,0.3918,124.71,31364107
78.357,0.38,1.1697,0.3918,124.71,31364107
78.408,0.38,1.1697,0.357,113.64,31364948
78.459,0.38,1.1697,0.357,113.64,31364948
78.51,0.38,1.1697,0.396,126.063,31365790
78.561,0.38,1.1697,0.396,126.063,31365790
78.612,0.38,1.1697,0.3944,125.535,31366634
78.663,0.38,1.1697,0.3944,125.535,31366634
78.715,0.38,1.1697,0.3994,127.138,31367483
78.767,0.38,1.1697,0.3994,127.138,31367483
78.817,0.38,1.1697,0.4001,127.36,31368342
78.869,0.38,1.1697,0.4001,127.36,31368342
78.921,0.38,1.1697,0.404,128.59,31369200
78.971,0.38,1.1697,0.404,128.59,31369200
79.022,0.38,1.1697,0.3434,109.292,31370019
79.073,0.38,1.1697,0.3434,109.292,31370019
79.124,0.38,1.1697,0.4034,128.418,31370862
79.174,0.38,1.1697,0.4034,128.418,31370862
79.225,0.38,1.1697,0.3873,123.294,31371700
79.276,0.38,1.1697,0.3873,123.294,31371700
79.327,0.38,1.1697,0.386,122.875,31372531
79.378,0.38,1.1697,0.386,122.875,31372531
79.429,0.38,1.1697,0.3768,119.941,31373349
79.48,0.38,1.1697,0.3768,119.941,31373349
79.531,0.38,1.1697,0.3874,123.326,31374192
79.582,0.38,1.1697,0.3874,123.326,31374192
79.633,0.38,1.1697,0.4001,127.37,31375053
79.684,0.38,1.1697,0.4001,127.37,31375053
79.735,0.38,1.1697,0.4063,129.322,31375909
79.785,0.38,1.1697,0.4063,129.322,31375909
79.836,0.38,1.1697,0.3931,125.13,31376759
79.887,0.38,1.1697,0.3931,125.13,31376759
79.938,0.38,1.1697,0.3899,124.097,31377613
79.989,0.38,1.1697,0.3899,124.097,31377613
80.04,0.4,1.2191,0.3882,123.568,31378447
80.091,0.4,1.2191,0.3882,123.568,31378447
80.142,0.4,1.2191,0.3783,120.424,31379272
80.193,0.4,1.2191,0.3783,120.424,31379272
80.244,0.4,1.2191,0.3783,120.414,31380102
80.295,0.4,1.2191,0.3783,120.414,31380102
80.346,0.4,1.2191,0.3853,122.654,31380938
80.397,0.4,1.2191,0.3983,126.796,31381795
80.448,0.4,1.2191,0.3983,126.796,31381795
80.499,0.4,1.2191,0.3847,122.445,31382642
80.549,0.4,1.2191,0.3847,122.445,31382642
80.601,0.4,1.2191,0.3932,125.169,31383488
80.653,0.4,1.2191,0.3932,125.169,31383488
80.704,0.4,1.2191,0.3753,119.459,31384329
80.756,0.4,1.2191,0.3753,119.459,31384329
80.807,0.4,1.2191,0.3969,126.346,31385188
80.858,0.4,1.2191,0.3969,126.346,31385188
80.909,0.4,1.2191,0.3877,123.414,31386034
80.961,0.4,1.2191,0.3877,123.414,31386034
81.012,0.4,1.2191,0.3938,125.343,31386860
81.063,0.4,1.2191,0.3938,125.343,31386860
81.114,0.4,1.2191,0.3557,113.214,31387677
81.165,0.4,1.2191,0.3557,113.214,31387677
81.216,0.4,1.2191,0.3919,124.731,31388503
81.268,0.4,1.2191,0.3919,124.731,31388503
81.318,0.4,1.2191,0.3692,117.529,31389313
81.369,0.4,1.2191,0.3692,117.529,31389313
81.42,0.4,1.2191,0.3779,120.284,31390108
81.471,0.4,1.2191,0.3779,120.284,31390108
81.522,0.4,1.2191,0.3469,110.428,31390897
81.573,0.4,1.2191,0.3469,110.428,31390897
81.624,0.4,1.2191,0.3743,119.139,31391702
81.674,0.4,1.2191,0.3743,119.139,31391702
81.725,0.4,1.2191,0.3789,120.615,31392513
81.776,0.4,1.2191,0.3789,120.615,31392513
81.827,0.4,1.2191,0.377,119.991,31393316
81.877,0.4,1.2191,0.377,119.991,31393316
81.928,0.4,1.2191,0.3659,116.482,31394106
81.979,0.4,1.2191,0.3659,116.482,31394106
82.03,0.4,1.2191,0.33,105.04,31394888
82.081,0.4,1.2191,0.33,105.04,31394888
82.131,0.4,1.2191,0.3599,114.555,31395667
82.182,0.4,1.2191,0.3599,114.555,31395667
82.233,0.4,1.2191,0.3603,114.689,31396440
82.285,0.4,1.2191,0.3603,114.689,31396440
82.336,0.4,1.2191,0.3868,123.112,31397232
82.387,0.4,1.2191,0.3868,123.112,31397232
82.437,0.4,1.2191,0.3639,115.824,31398018
82.488,0.4,1.2191,0.3639,115.824,31398018
82.539,0.4,1.2191,0.3707,118.013,31398814
82.59,0.4,1.2191,0.3707,118.013,31398814
82.641,0.4,1.2191,0.3793,120.743,31399641
82.692,0.4,1.2191,0.3793,120.743,31399641
82.742,0.4,1.2191,0.4026,128.145,31400516
82.793,0.4,1.2191,0.4026,128.145,31400516
82.844,0.4,1.2191,0.4198,133.614,31401427
82.895,0.4,1.2191,0.4198,133.614,31401427
82.946,0.4,1.2191,0.4175,132.901,31402331
82.997,0.4,1.2191,0.4074,129.679,31403218
83.048,0.4,1.2191,0.4074,129.679,31403218
83.099,0.4,1.2191,0.3979,126.654,31404090
83.151,0.4,1.2191,0.3979,126.654,31404090
83.202,0.4,1.2191,0.4033,128.369,31404970
83.253,0.4,1.2191,0.4033,128.369,31404970
83.304,0.4,1.2191,0.4077,129.79,31405853
83.355,0.4,1.2191,0.4077,129.79,31405853
83.406,0.4,1.2191,0.4058,129.169,31406732
83.457,0.4,1.2191,0.4058,129.169,31406732
83.508,0.4,1.2191,0.4125,131.318,31407626
83.559,0.4,1.2191,0.4125,131.318,31407626
83.61,0.4,1.2191,0.4163,132.497,31408529
83.66,0.4,1.2191,0.4163,132.497,31408529
83.711,0.4,1.2191,0.4139,131.75,31409430
83.762,0.4,1.2191,0.4139,131.75,31409430
83.813,0.4,1.2191,0.4091,130.221,31410325
83.864,0.4,1.2191,0.4091,130.221,31410325
83.915,0.4,1.2191,0.4129,131.444,31411214
83.966,0.4,1.2191,0.4129,131.444,31411214
84.017,0.42,1.2684,0.3948,125.663,31412088
84.068,0.42,1.2684,0.3948,125.663,31412088
84.12,0.42,1.2684,0.4073,129.635,31412962
84.17,0.42,1.2684,0.4073,129.635,31412962
84.221,0.42,1.2684,0.4026,128.163,31413891
84.272,0.42,1.2684,0.4026,128.163,31413891
84.322,0.42,1.2684,0.4448,141.572,31414829
84.374,0.42,1.2684,0.4448,141.572,31414829
84.425,0.42,1.2684,0.4291,136.594,31415756
84.475,0.42,1.2684,0.4291,136.594,31415756
84.526,0.42,1.2684,0.4474,142.42,31416699
84.576,0.42,1.2684,0.4474,142.42,31416699
84.628,0.42,1.2684,0.4418,140.634,31417656
84.679,0.42,1.2684,0.4418,140.634,31417656
84.729,0.42,1.2684,0.4261,135.636,31418601
84.78,0.42,1.2684,0.4261,135.636,31418601
84.831,0.42,1.2684,0.4283,136.317,31419522
84.883,0.42,1.2684,0.4283,136.317,31419522
84.934,0.42,1.2684,0.4277,136.134,31420442
84.984,0.42,1.2684,0.4277,136.134,31420442
85.036,0.42,1.2684,0.4155,132.272,31421370
85.087,0.42,1.2684,0.4155,132.272,31421370
85.138,0.42,1.2684,0.4372,139.167,31422295
85.188,0.42,1.2684,0.4372,139.167,31422295
85.239,0.42,1.2684,0.4231,134.675,31423217
85.29,0.42,1.2684,0.4231,134.675,31423217
85.341,0.42,1.2684,0.4333,137.933,31424156
85.392,0.42,1.2684,0.4333,137.933,31424156
85.442,0.42,1.2684,0.4341,138.187,31425098
85.494,0.42,1.2684,0.4341,138.187,31425098
85.544,0.42,1.2684,0.4332,137.886,31426046
85.595,0.42,1.2684,0.4332,137.886,31426046
85.646,0.42,1.2684,0.4209,133.985,31426959
85.697,0.42,1.2684,0.4209,133.985,31426959
85.748,0.42,1.2684,0.4143,131.874,31427864
85.799,0.42,1.2684,0.408,129.871,31428756
85.85,0.42,1.2684,0.408,129.871,31428756
85.901,0.42,1.2684,0.3956,125.912,31429632
85.951,0.42,1.2684,0.3956,125.912,31429632
86.002,0.42,1.2684,0.4001,127.353,31430494
86.053,0.42,1.2684,0.4001,127.353,31430494
86.103,0.42,1.2684,0.3919,124.758,31431332
86.154,0.42,1.2684,0.3919,124.758,31431332
86.206,0.42,1.2684,0.3909,124.419,31432184
86.256,0.42,1.2684,0.3909,124.419,31432184
86.307,0.42,1.2684,0.3957,125.971,31433055
86.358,0.42,1.2684,0.3957,125.971,31433055
86.409,0.42,1.2684,0.4398,139.995,31433997
86.459,0.42,1.2684,0.4398,139.995,31433997
86.509,0.42,1.2684,0.446,141.953,31434955
86.56,0.42,1.2684,0.446,141.953,31434955
86.611,0.42,1.2684,0.3969,126.347,31435892
86.662,0.42,1.2684,0.3969,126.347,31435892
86.713,0.42,1.2684,0.4393,139.849,31436820
86.764,0.42,1.2684,0.4393,139.849,31436820
86.815,0.42,1.2684,0.4392,139.805,31437745
86.866,0.42,1.2684,0.4392,139.805,31437745
86.917,0.42,1.2684,0.4412,140.436,31438689
86.968,0.42,1.2684,0.4412,140.436,31438689
87.018,0.42,1.2684,0.4189,133.346,31439617
87.069,0.42,1.2684,0.4189,133.346,31439617
87.121,0.42,1.2684,0.4268,135.84,31440537
87.171,0.42,1.2684,0.4268,135.84,31440537
87.221,0.42,1.2684,0.4451,141.673,31441484
87.272,0.42,1.2684,0.4451,141.673,31441484
87.323,0.42,1.2684,0.4075,129.71,31442440
87.375,0.42,1.2684,0.4075,129.71,31442440
87.425,0.42,1.2684,0.4442,141.381,31443385
87.476,0.42,1.2684,0.4442,141.381,31443385
87.527,0.42,1.2684,0.4367,139.003,31444310
87.578,0.42,1.2684,0.4367,139.003,31444310
87.629,0.42,1.2684,0.4094,130.329,31445220
87.68,0.42,1.2684,0.4094,130.329,31445220
87.731,0.42,1.2684,0.4216,134.19,31446140
87.782,0.42,1.2684,0.4216,134.19,31446140
87.833,0.42,1.2684,0.4455,141.8,31447074
87.883,0.42,1.2684,0.4455,141.8,31447074
87.935,0.42,1.2684,0.4324,137.635,31447998
87.985,0.42,1.2684,0.4324,137.635,31447998
88.036,0.44,1.3178,0.4319,137.478,31448925
88.087,0.44,1.3178,0.4319,137.478,31448925
88.137,0.44,1.3178,0.4344,138.288,31449877
88.188,0.44,1.3178,0.4344,138.288,31449877
88.239,0.44,1.3178,0.4538,144.448,31450856
88.29,0.44,1.3178,0.4538,144.448,31450856
88.341,0.44,1.3178,0.4483,142.696,31451840
88.391,0.44,1.3178,0.4483,142.696,31451840
88.442,0.44,1.3178,0.4522,143.937,31452812
88.493,0.44,1.3178,0.4522,143.937,31452812
88.545,0.44,1.3178,0.4438,141.281,31453776
88.597,0.44,1.3178,0.4438,141.281,31453776
88.647,0.44,1.3178,0.4431,141.032,31454748
88.699,0.44,1.3178,0.4335,137.971,31455693
88.75,0.44,1.3178,0.4335,137.971,31455693
88.802,0.44,1.3178,0.4377,139.34,31456674
88.853,0.44,1.3178,0.4377,139.34,31456674
88.903,0.44,1.3178,0.4601,146.456,31457665
88.954,0.44,1.3178,0.4601,146.456,31457665
89.005,0.44,1.3178,0.4522,143.943,31458650
89.056,0.44,1.3178,0.4522,143.943,31458650
89.107,0.44,1.3178,0.4591,146.143,31459630
89.158,0.44,1.3178,0.4591,146.143,31459630
89.209,0.44,1.3178,0.4491,142.962,31460598
89.26,0.44,1.3178,0.4491,142.962,31460598
89.31,0.44,1.3178,0.4405,140.211,31461550
89.361,0.44,1.3178,0.4405,140.211,31461550
89.412,0.44,1.3178,0.4096,130.377,31462518
89.463,0.44,1.3178,0.4096,130.377,31462518
89.514,0.44,1.3178,0.4511,143.598,31463488
89.565,0.44,1.3178,0.4511,143.598,31463488
89.616,0.44,1.3178,0.4598,146.355,31464468
89.666,0.44,1.3178,0.4598,146.355,31464468
89.717,0.44,1.3178,0.4569,145.448,31465441
89.768,0.44,1.3178,0.4569,145.448,31465441
89.819,0.44,1.3178,0.4535,144.351,31466429
89.87,0.44,1.3178,0.4535,144.351,31466429
89.921,0.44,1.3178,0.4748,151.131,31467438
89.971,0.44,1.3178,0.4748,151.131,31467438
90.022,0.44,1.3178,0.4591,146.146,31468419
90.073,0.44,1.3178,0.4591,146.146,31468419
90.124,0.44,1.3178,0.4467,142.204,31469387
90.175,0.44,1.3178,0.4467,142.204,31469387
90.226,0.44,1.3178,0.4306,137.062,31470329
90.277,0.44,1.3178,0.4306,137.062,31470329
90.328,0.44,1.3178,0.4156,132.3,31471302
90.379,0.44,1.3178,0.4156,132.3,31471302
90.429,0.44,1.3178,0.4582,145.852,31472270
90.481,0.44,1.3178,0.4582,145.852,31472270
90.531,0.44,1.3178,0.4664,148.446,31473247
90.582,0.44,1.3178,0.4664,148.446,31473247
90.633,0.44,1.3178,0.4634,147.518,31474235
90.684,0.44,1.3178,0.4634,147.518,31474235
90.735,0.44,1.3178,0.4528,144.116,31475225
90.786,0.44,1.3178,0.4528,144.116,31475225
90.837,0.44,1.3178,0.4489,142.889,31476189
90.889,0.44,1.3178,0.4489,142.889,31476189
90.941,0.44,1.3178,0.4514,143.686,31477168
90.992,0.44,1.3178,0.4514,143.686,31477168
91.043,0.44,1.3178,0.4439,141.311,31478135
91.094,0.44,1.3178,0.4439,141.311,31478135
91.145,0.44,1.3178,0.4441,141.371,31479104
91.196,0.44,1.3178,0.4441,141.371,31479104
91.247,0.44,1.3178,0.4509,143.528,31480080
91.298,0.44,1.3178,0.4425,140.85,31481049
91.349,0.44,1.3178,0.4425,140.85,31481049
91.4,0.44,1.3178,0.44,140.063,31482020
91.451,0.44,1.3178,0.44,140.063,31482020
91.502,0.44,1.3178,0.4521,143.903,31483017
91.552,0.44,1.3178,0.4521,143.903,31483017
91.603,0.44,1.3178,0.459,146.118,31484005
91.654,0.44,1.3178,0.459,146.118,31484005
91.705,0.44,1.3178,0.454,144.527,31484978
91.756,0.44,1.3178,0.454,144.527,31484978
91.807,0.44,1.3178,0.4336,138.023,31485913
91.859,0.44,1.3178,0.4336,138.023,31485913
91.909,0.44,1.3178,0.4474,142.41,31486876
91.96,0.44,1.3178,0.4474,142.41,31486876
92.011,0.46,1.3671,0.4341,138.164,31487855
92.062,0.46,1.3671,0.4341,138.164,31487855
92.113,0.46,1.3671,0.4556,145.009,31488834
92.164,0.46,1.3671,0.4556,145.009,31488834
92.215,0.46,1.3671,0.4443,141.427,31489833
92.266,0.46,1.3671,0.4443,141.427,31489833
92.316,0.46,1.3671,0.4742,150.928,31490871
92.367,0.46,1.3671,0.4742,150.928,31490871
92.417,0.46,1.3671,0.4777,152.065,31491906
92.469,0.46,1.3671,0.4777,152.065,31491906
92.519,0.46,1.3671,0.4779,152.115,31492922
92.57,0.46,1.3671,0.4779,152.115,31492922
92.621,0.46,1.3671,0.4657,148.23,31493916
92.671,0.46,1.3671,0.4657,148.23,31493916
92.722,0.46,1.3671,0.4693,149.377,31494920
92.773,0.46,1.3671,0.4693,149.377,31494920
92.823,0.46,1.3671,0.4245,135.117,31495909
92.875,0.46,1.3671,0.4245,135.117,31495909
92.925,0.46,1.3671,0.4826,153.607,31496926
92.976,0.46,1.3671,0.4826,153.607,31496926
93.027,0.46,1.3671,0.4825,153.578,31497946
93.078,0.46,1.3671,0.4825,153.578,31497946
93.129,0.46,1.3671,0.4701,149.622,31498960
93.18,0.46,1.3671,0.4701,149.622,31498960
93.231,0.46,1.3671,0.4632,147.433,31499987
93.282,0.46,1.3671,0.4632,147.433,31499987
93.333,0.46,1.3671,0.4793,152.559,31501010
93.384,0.46,1.3671,0.4793,152.559,31501010
93.436,0.46,1.3671,0.4718,150.182,31502013
93.487,0.46,1.3671,0.4718,150.182,31502013
93.539,0.46,1.3671,0.4623,147.155,31503021
93.589,0.46,1.3671,0.4623,147.155,31503021
93.64,0.46,1.3671,0.4609,146.709,31504026
93.691,0.46,1.3671,0.4609,146.709,31504026
93.741,0.46,1.3671,0.4634,147.516,31505035
93.792,0.46,1.3671,0.4634,147.516,31505035
93.843,0.46,1.3671,0.4511,143.587,31506013
93.895,0.46,1.3671,0.4511,143.587,31506013
93.946,0.46,1.3671,0.4711,149.951,31507040
93.997,0.46,1.3671,0.4711,149.951,31507040
94.048,0.46,1.3671,0.4759,151.496,31508078
94.099,0.46,1.3671,0.4723,150.339,31509108
94.15,0.46,1.3671,0.4723,150.339,31509108
94.201,0.46,1.3671,0.4609,146.72,31510113
94.252,0.46,1.3671,0.4609,146.72,31510113
94.303,0.46,1.3671,0.4662,148.391,31511113
94.354,0.46,1.3671,0.4662,148.391,31511113
94.405,0.46,1.3671,0.461,146.753,31512113
94.456,0.46,1.3671,0.461,146.753,31512113
94.508,0.46,1.3671,0.42,133.696,31513119
94.559,0.46,1.3671,0.42,133.696,31513119
94.61,0.46,1.3671,0.4648,147.958,31514120
94.661,0.46,1.3671,0.4648,147.958,31514120
94.712,0.46,1.3671,0.4658,148.262,31515131
94.763,0.46,1.3671,0.4658,148.262,31515131
94.814,0.46,1.3671,0.4628,147.323,31516126
94.865,0.46,1.3671,0.4628,147.323,31516126
94.916,0.46,1.3671,0.4735,150.726,31517120
94.968,0.46,1.3671,0.4735,150.726,31517120
95.019,0.46,1.3671,0.4435,141.171,31518088
95.07,0.46,1.3671,0.4435,141.171,31518088
95.121,0.46,1.3671,0.4388,139.676,31519031
95.172,0.46,1.3671,0.4388,139.676,31519031
95.223,0.46,1.3671,0.4461,142.009,31519969
95.274,0.46,1.3671,0.4461,142.009,31519969
95.325,0.46,1.3671,0.4242,135.014,31520888
95.376,0.46,1.3671,0.4242,135.014,31520888
95.427,0.46,1.3671,0.3797,120.853,31521782
95.478,0.46,1.3671,0.3797,120.853,31521782
95.529,0.46,1.3671,0.4278,136.181,31522687
95.581,0.46,1.3671,0.4278,136.181,31522687
95.632,0.46,1.3671,0.4138,131.719,31523578
95.683,0.46,1.3671,0.4138,131.719,31523578
95.734,0.46,1.3671,0.4262,135.665,31524474
95.785,0.46,1.3671,0.4262,135.665,31524474
95.836,0.46,1.3671,0.4098,130.44,31525353
95.889,0.46,1.3671,0.4098,130.44,31525353
95.94,0.46,1.3671,0.4043,128.689,31526228
95.991,0.46,1.3671,0.4043,128.689,31526228
96.042,0.48,1.4165,0.3928,125.032,31527116
96.093,0.48,1.4165,0.3928,125.032,31527116
96.144,0.48,1.4165,0.4522,143.935,31528058
96.195,0.48,1.4165,0.4522,143.935,31528058
96.246,0.48,1.4165,0.4747,151.102,31529091
96.297,0.48,1.4165,0.4747,151.102,31529091
96.348,0.48,1.4165,0.4919,156.586,31530160
96.399,0.48,1.4165,0.5001,159.197,31531238
96.45,0.48,1.4165,0.5001,159.197,31531238
96.501,0.48,1.4165,0.4797,152.683,31532315
96.552,0.48,1.4165,0.4797,152.683,31532315
96.602,0.48,1.4165,0.489,155.645,31533390
96.653,0.48,1.4165,0.489,155.645,31533390
96.703,0.48,1.4165,0.4852,154.453,31534441
96.754,0.48,1.4165,0.4852,154.453,31534441
96.805,0.48,1.4165,0.4891,155.677,31535486
96.856,0.48,1.4165,0.4891,155.677,31535486
96.907,0.48,1.4165,0.4922,156.687,31536554
96.957,0.48,1.4165,0.4922,156.687,31536554
97.008,0.48,1.4165,0.4921,156.655,31537612
97.058,0.48,1.4165,0.4921,156.655,31537612
97.109,0.48,1.4165,0.4869,154.991,31538668
97.16,0.48,1.4165,0.4869,154.991,31538668
97.211,0.48,1.4165,0.4959,157.865,31539744
97.263,0.48,1.4165,0.4959,157.865,31539744
97.314,0.48,1.4165,0.4973,158.288,31540825
97.365,0.48,1.4165,0.4973,158.288,31540825
97.416,0.48,1.4165,0.4913,156.383,31541880
97.468,0.48,1.4165,0.4913,156.383,31541880
97.518,0.48,1.4165,0.4616,146.939,31542917
97.57,0.48,1.4165,0.4616,146.939,31542917
97.621,0.48,1.4165,0.4919,156.562,31543954
97.672,0.48,1.4165,0.4919,156.562,31543954
97.723,0.48,1.4165,0.4689,149.248,31544993
97.774,0.48,1.4165,0.4689,149.248,31544993
97.824,0.48,1.4165,0.4771,151.864,31546021
97.875,0.48,1.4165,0.4771,151.864,31546021
97.925,0.48,1.4165,0.4758,151.457,31547062
97.976,0.48,1.4165,0.4758,151.457,31547062
98.027,0.48,1.4165,0.4827,153.657,31548096
98.078,0.48,1.4165,0.4827,153.657,31548096
98.129,0.48,1.4165,0.4325,137.68,31549128
98.18,0.48,1.4165,0.4325,137.68,31549128
98.23,0.48,1.4165,0.4732,150.609,31550138
98.282,0.48,1.4165,0.4732,150.609,31550138
98.332,0.48,1.4165,0.4486,142.779,31551122
98.383,0.48,1.4165,0.4486,142.779,31551122
98.434,0.48,1.4165,0.4525,144.051,31552081
98.485,0.48,1.4165,0.4525,144.051,31552081
98.536,0.48,1.4165,0.4792,152.526,31553050
98.587,0.48,1.4165,0.4792,152.526,31553050
98.638,0.48,1.4165,0.4399,140.024,31554012
98.688,0.48,1.4165,0.4399,140.024,31554012
98.739,0.48,1.4165,0.4493,143.031,31554985
98.79,0.48,1.4165,0.4493,143.031,31554985
98.841,0.48,1.4165,0.4564,145.271,31555982
98.891,0.48,1.4165,0.4564,145.271,31555982
98.942,0.48,1.4165,0.4912,156.351,31557037
98.994,0.48,1.4165,0.4912,156.351,31557037
99.045,0.48,1.4165,0.4891,155.678,31558110
99.097,0.48,1.4165,0.4891,155.678,31558110
99.148,0.48,1.4165,0.4877,155.231,31559170
99.199,0.48,1.4165,0.4809,153.079,31560220
99.249,0.48,1.4165,0.4809,153.079,31560220
99.3,0.48,1.4165,0.4838,153.992,31561286
99.351,0.48,1.4165,0.4838,153.992,31561286
99.402,0.48,1.4165,0.4902,156.026,31562347
99.452,0.48,1.4165,0.4902,156.026,31562347
99.502,0.48,1.4165,0.4957,157.796,31563412
99.553,0.48,1.4165,0.4957,157.796,31563412
99.604,0.48,1.4165,0.4994,158.948,31564490
99.655,0.48,1.4165,0.4994,158.948,31564490
99.706,0.48,1.4165,0.4992,158.895,31565576
99.756,0.48,1.4165,0.4992,158.895,31565576
99.808,0.48,1.4165,0.441,140.383,31566632
99.859,0.48,1.4165,0.441,140.383,31566632
99.91,0.48,1.4165,0.489,155.65,31567678
99.961,0.48,1.4165,0.489,155.65,31567678
100.012,0.5,1.4658,0.4841,154.102,31568724
100.063,0.5,1.4658,0.4841,154.102,31568724
100.114,0.5,1.4658,0.4906,156.178,31569774
100.164,0.5,1.4658,0.4906,156.178,31569774
